0 0.25755208333333335 0.2675925925925926 0.08802083333333333 0.15555555555555556
0 0.28020833333333334 0.3990740740740741 0.08645833333333333 0.1574074074074074
0 0.5432291666666667 0.27731481481481485 0.08125 0.11018518518518519
0 0.571875 0.4967592592592593 0.08854166666666667 0.13240740740740742
0 0.6229166666666667 0.6365740740740741 0.078125 0.20092592592592592
0 0.7169270833333333 0.7439814814814815 0.0796875 0.18055555555555555
0 0.46067708333333335 0.6439814814814815 0.0921875 0.20462962962962963
0 0.36276041666666664 0.6708333333333334 0.06927083333333334 0.18611111111111112
0 0.46875 0.8333333333333334 0.07291666666666667 0.11111111111111112
0 0.3033854166666667 0.8277777777777778 0.059895833333333336 0.09444444444444444
0 0.16640625 0.8453703703703704 0.07760416666666667 0.0925925925925926
0 0.10442708333333334 0.8898148148148148 0.09427083333333333 0.11481481481481481
0 0.10234375 0.7731481481481481 0.06927083333333334 0.1388888888888889
0 0.10234375 0.5962962962962963 0.0546875 0.1574074074074074
0 0.11927083333333333 0.6703703703703704 0.057291666666666664 0.1388888888888889
0 0.3614583333333333 0.23796296296296296 0.09270833333333334 0.09074074074074075
