0 0.2911458333333333 0.33842592592592596 0.08333333333333333 0.1953703703703704
0 0.3807291666666667 0.26203703703703707 0.06979166666666667 0.10740740740740741
0 0.5078125 0.3194444444444445 0.06354166666666666 0.1851851851851852
0 0.5427083333333333 0.44583333333333336 0.0875 0.14537037037037037
0 0.6177083333333333 0.39675925925925926 0.08645833333333333 0.16574074074074074
0 0.57265625 0.2847222222222222 0.0765625 0.15092592592592594
0 0.6184895833333334 0.25324074074074077 0.09114583333333333 0.08240740740740742
0 0.73359375 0.2833333333333333 0.0703125 0.13333333333333333
0 0.7809895833333333 0.5180555555555556 0.0640625 0.18611111111111112
0 0.8364583333333333 0.5287037037037037 0.06458333333333333 0.20925925925925926
0 0.76484375 0.6263888888888889 0.0859375 0.1787037037037037
0 0.8731770833333333 0.6875 0.05572916666666666 0.1638888888888889
0 0.8833333333333333 0.7583333333333334 0.05 0.15925925925925927
0 0.7231770833333333 0.825925925925926 0.08072916666666667 0.13518518518518519
0 0.5549479166666667 0.850925925925926 0.1015625 0.08518518518518518
0 0.15729166666666666 0.8375 0.09270833333333334 0.13240740740740742
0 0.28098958333333335 0.23564814814814816 0.07760416666666667 0.0638888888888889
