0 0.31536458333333334 0.24814814814814815 0.11510416666666666 0.12037037037037038
0 0.5526041666666667 0.2564814814814815 0.10208333333333333 0.1
0 0.63515625 0.27870370370370373 0.05260416666666667 0.12407407407407407
0 0.6598958333333333 0.2606481481481482 0.03854166666666667 0.08796296296296297
0 0.7096354166666666 0.2555555555555556 0.09114583333333333 0.07962962962962963
0 0.67890625 0.3675925925925926 0.06510416666666667 0.18888888888888888
0 0.7518229166666667 0.3814814814814815 0.0671875 0.1962962962962963
0 0.78359375 0.2939814814814815 0.050520833333333334 0.16203703703703703
0 0.90078125 0.46805555555555556 0.06927083333333334 0.21203703703703705
0 0.8010416666666667 0.5518518518518519 0.06770833333333333 0.17592592592592593
0 0.6106770833333334 0.5087962962962963 0.08072916666666667 0.14907407407407408
0 0.5010416666666666 0.4300925925925926 0.08958333333333333 0.18425925925925926
0 0.39869791666666665 0.3314814814814815 0.0828125 0.17962962962962964
0 0.2955729166666667 0.38657407407407407 0.0796875 0.19166666666666668
0 0.18151041666666667 0.2898148148148148 0.06510416666666667 0.16666666666666669
0 0.09557291666666666 0.4814814814814815 0.06510416666666667 0.17592592592592593
0 0.11041666666666666 0.5916666666666667 0.05625 0.12222222222222223
0 0.1203125 0.725925925925926 0.075 0.1574074074074074
0 0.26848958333333334 0.6828703703703703 0.07552083333333333 0.16018518518518518
0 0.30703125 0.5981481481481482 0.0765625 0.16296296296296298
0 0.4203125 0.5259259259259259 0.084375 0.16296296296296298
0 0.50234375 0.5745370370370371 0.0734375 0.1824074074074074
0 0.5411458333333333 0.663425925925926 0.10520833333333333 0.12314814814814816
0 0.60234375 0.7115740740740741 0.06927083333333334 0.19351851851851853
0 0.6901041666666666 0.5916666666666667 0.0625 0.17592592592592593
0 0.73984375 0.6134259259259259 0.0671875 0.1824074074074074
0 0.8393229166666667 0.7726851851851853 0.07135416666666666 0.18796296296296297
0 0.7067708333333333 0.7717592592592593 0.07604166666666666 0.16574074074074074
0 0.6841145833333333 0.862037037037037 0.04739583333333333 0.06851851851851852
0 0.5919270833333333 0.8601851851851852 0.0640625 0.09074074074074075
0 0.4966145833333333 0.8328703703703704 0.07864583333333333 0.13611111111111113
0 0.35052083333333334 0.8740740740740741 0.13020833333333334 0.10185185185185186
0 0.25234375 0.8481481481481482 0.0515625 0.07777777777777778
0 0.7565104166666666 0.8597222222222223 0.049479166666666664 0.06574074074074074
0 0.3885416666666667 0.712962962962963 0.08020833333333333 0.1925925925925926
