0 0.2721354166666667 0.24444444444444446 0.044270833333333336 0.07407407407407407
0 0.3533854166666667 0.23611111111111113 0.044270833333333336 0.05555555555555556
0 0.45677083333333335 0.2564814814814815 0.06354166666666666 0.09444444444444444
0 0.5424479166666667 0.3421296296296296 0.08072916666666667 0.16018518518518518
0 0.6130208333333333 0.39490740740740743 0.075 0.19722222222222224
0 0.5578125 0.45833333333333337 0.078125 0.18333333333333335
0 0.4046875 0.5273148148148148 0.0875 0.19351851851851853
0 0.8776041666666666 0.6106481481481482 0.06354166666666666 0.18425925925925926
0 0.062239583333333334 0.7342592592592593 0.06927083333333334 0.16296296296296298
0 0.0984375 0.8787037037037038 0.11979166666666667 0.1277777777777778
0 0.14088541666666665 0.6777777777777778 0.06510416666666667 0.1685185185185185
0 0.11197916666666667 0.7620370370370371 0.06666666666666667 0.17962962962962964
0 0.19036458333333334 0.7384259259259259 0.06510416666666667 0.18055555555555555
0 0.20911458333333333 0.8351851851851853 0.0796875 0.09814814814814815
0 0.2921875 0.8231481481481482 0.0625 0.13148148148148148
