0 0.18802083333333333 0.3189814814814815 0.08125 0.17685185185185187
0 0.384375 0.38101851851851853 0.08333333333333333 0.1787037037037037
0 0.5411458333333333 0.3601851851851852 0.08229166666666667 0.1685185185185185
0 0.5981770833333333 0.4087962962962963 0.07552083333333333 0.14537037037037037
0 0.6385416666666667 0.4625 0.07291666666666667 0.1712962962962963
0 0.7424479166666667 0.36944444444444446 0.0734375 0.18703703703703706
0 0.6203125 0.29444444444444445 0.08125 0.1388888888888889
0 0.64453125 0.2513888888888889 0.09114583333333333 0.08611111111111111
0 0.2453125 0.587962962962963 0.07604166666666666 0.1925925925925926
0 0.37083333333333335 0.7175925925925927 0.10625 0.20555555555555557
0 0.4661458333333333 0.6680555555555556 0.07916666666666666 0.2064814814814815
0 0.7552083333333334 0.8078703703703703 0.071875 0.17314814814814816
0 0.4674479166666667 0.8467592592592593 0.12135416666666667 0.08055555555555556
0 0.14036458333333332 0.8342592592592593 0.0953125 0.14444444444444446
