0 0.30885416666666665 0.2425925925925926 0.11666666666666667 0.11481481481481481
0 0.6052083333333333 0.2652777777777778 0.08645833333333333 0.09537037037037037
0 0.6606770833333333 0.25462962962962965 0.0390625 0.08518518518518518
0 0.7544270833333333 0.2625 0.07239583333333333 0.11574074074074074
0 0.8481770833333333 0.26296296296296295 0.10364583333333333 0.10185185185185186
0 0.7838541666666666 0.33425925925925926 0.046875 0.12407407407407407
0 0.6778645833333333 0.3564814814814815 0.07552083333333333 0.17777777777777778
0 0.40182291666666664 0.33796296296296297 0.0796875 0.18333333333333335
0 0.33046875 0.32592592592592595 0.08177083333333333 0.17222222222222222
0 0.28984375 0.3925925925925926 0.06510416666666667 0.17592592592592593
0 0.18541666666666667 0.29120370370370374 0.06979166666666667 0.1638888888888889
0 0.09557291666666666 0.4703703703703704 0.059895833333333336 0.1574074074074074
0 0.303125 0.6018518518518519 0.071875 0.17592592592592593
0 0.4145833333333333 0.5166666666666667 0.075 0.16111111111111112
0 0.5002604166666667 0.4236111111111111 0.0703125 0.18981481481481483
0 0.60703125 0.5037037037037038 0.07552083333333333 0.14814814814814814
0 0.7010416666666667 0.6055555555555556 0.078125 0.18703703703703706
0 0.7953125 0.5546296296296297 0.06354166666666666 0.18703703703703706
0 0.8455729166666667 0.775462962962963 0.0703125 0.18796296296296297
0 0.7559895833333333 0.8782407407407408 0.1171875 0.11203703703703705
0 0.7106770833333333 0.7703703703703704 0.07864583333333333 0.15925925925925927
0 0.5973958333333333 0.7902777777777779 0.11562499999999999 0.13055555555555556
0 0.6046875 0.6939814814814815 0.06458333333333333 0.1564814814814815
0 0.5473958333333333 0.6564814814814816 0.10729166666666666 0.10925925925925926
0 0.5088541666666666 0.5666666666666667 0.07083333333333333 0.1685185185185185
0 0.38619791666666664 0.7083333333333334 0.0796875 0.19444444444444445
0 0.49140625 0.8273148148148148 0.08385416666666666 0.1287037037037037
0 0.35572916666666665 0.8398148148148148 0.11979166666666667 0.10925925925925926
0 0.24713541666666666 0.8425925925925927 0.058854166666666666 0.0925925925925926
0 0.11562499999999999 0.7217592592592593 0.07916666666666666 0.1638888888888889
0 0.10416666666666667 0.5828703703703704 0.057291666666666664 0.14537037037037037
0 0.2625 0.6819444444444445 0.08854166666666667 0.15462962962962964
