0 0.4265625 0.3180555555555556 0.10416666666666667 0.14722222222222223
0 0.5213541666666667 0.26851851851851855 0.096875 0.12037037037037038
0 0.734375 0.28194444444444444 0.08125 0.1175925925925926
0 0.7229166666666667 0.38842592592592595 0.07708333333333334 0.16018518518518518
0 0.8153645833333333 0.5226851851851853 0.07135416666666666 0.19722222222222224
0 0.6934895833333333 0.8453703703703704 0.06302083333333333 0.10185185185185186
0 0.59609375 0.7717592592592593 0.09635416666666667 0.1675925925925926
0 0.45 0.6134259259259259 0.07604166666666666 0.19166666666666668
0 0.33515625 0.7532407407407408 0.09947916666666666 0.20833333333333334
0 0.17265625 0.8601851851851852 0.11927083333333333 0.1
0 0.09791666666666667 0.8037037037037037 0.051041666666666666 0.10740740740740741
0 0.32265625 0.5060185185185185 0.10260416666666666 0.15092592592592594
0 0.2638020833333333 0.6037037037037037 0.09635416666666667 0.1685185185185185
0 0.20364583333333333 0.5972222222222222 0.08125 0.1685185185185185
0 0.19270833333333334 0.4703703703703704 0.07916666666666666 0.17592592592592593
0 0.12395833333333334 0.5111111111111112 0.05625 0.1462962962962963
0 0.11458333333333333 0.5949074074074074 0.06979166666666667 0.12314814814814816
0 0.0859375 0.6555555555555556 0.06979166666666667 0.10185185185185186
0 0.09348958333333333 0.725462962962963 0.0546875 0.08240740740740742
0 0.13098958333333333 0.7532407407407408 0.0515625 0.13796296296296298
0 0.16510416666666666 0.8037037037037037 0.046875 0.07037037037037037
0 0.378125 0.23842592592592593 0.06770833333333333 0.05277777777777778
