0 0.31640625 0.24351851851851852 0.12135416666666667 0.10740740740740741
0 0.63125 0.25972222222222224 0.09479166666666666 0.08796296296296297
0 0.7682291666666666 0.26481481481481484 0.09791666666666667 0.10555555555555556
0 0.68203125 0.35833333333333334 0.06614583333333333 0.17222222222222222
0 0.7791666666666667 0.3453703703703704 0.06041666666666667 0.12962962962962962
0 0.4 0.3375 0.08645833333333333 0.16944444444444445
0 0.49947916666666664 0.4236111111111111 0.08333333333333333 0.18055555555555555
0 0.2890625 0.38703703703703707 0.07395833333333333 0.1814814814814815
0 0.18072916666666666 0.2953703703703704 0.06875 0.17407407407407408
0 0.42343749999999997 0.5074074074074074 0.07604166666666666 0.17037037037037037
0 0.6083333333333333 0.5032407407407408 0.08541666666666667 0.16203703703703703
0 0.7973958333333333 0.5462962962962963 0.08541666666666667 0.1925925925925926
0 0.7080729166666666 0.600462962962963 0.0765625 0.18981481481481483
0 0.5005208333333333 0.5694444444444444 0.08020833333333333 0.1685185185185185
0 0.5591145833333333 0.6222222222222222 0.1015625 0.1425925925925926
0 0.5984375 0.6949074074074074 0.084375 0.18425925925925926
0 0.7028645833333333 0.7625000000000001 0.0765625 0.1712962962962963
0 0.8385416666666666 0.7666666666666667 0.07708333333333334 0.18888888888888888
0 0.92265625 0.7277777777777779 0.07135416666666666 0.2351851851851852
0 0.75390625 0.8625 0.049479166666666664 0.06759259259259259
0 0.6841145833333333 0.862962962962963 0.05677083333333333 0.06666666666666667
0 0.58359375 0.8537037037037037 0.059895833333333336 0.08148148148148149
0 0.4981770833333333 0.8268518518518518 0.0765625 0.13333333333333333
0 0.43124999999999997 0.6291666666666667 0.08854166666666667 0.14166666666666666
0 0.37864583333333335 0.6912037037037038 0.07083333333333333 0.18796296296296297
0 0.303125 0.600462962962963 0.06979166666666667 0.1712962962962963
0 0.2786458333333333 0.6824074074074075 0.071875 0.16481481481481483
0 0.09765625 0.4814814814814815 0.0703125 0.17777777777777778
0 0.09921875 0.6069444444444445 0.049479166666666664 0.125
0 0.11145833333333333 0.7268518518518519 0.07708333333333334 0.1388888888888889
0 0.24921875 0.8393518518518519 0.059895833333333336 0.08611111111111111
0 0.35130208333333335 0.8356481481481481 0.11927083333333333 0.1175925925925926
