0 0.2520833333333333 0.32083333333333336 0.08958333333333333 0.1638888888888889
0 0.30572916666666666 0.26203703703703707 0.04479166666666667 0.0925925925925926
0 0.48593749999999997 0.25324074074074077 0.052083333333333336 0.075
0 0.5606770833333333 0.2925925925925926 0.0796875 0.13333333333333333
0 0.6104166666666666 0.24120370370370373 0.06354166666666666 0.05462962962962963
0 0.7799479166666666 0.32453703703703707 0.0953125 0.1675925925925926
0 0.4822916666666667 0.4569444444444445 0.09375 0.19166666666666668
0 0.5859375 0.46620370370370373 0.0875 0.18611111111111112
0 0.6752604166666667 0.4912037037037037 0.0921875 0.19907407407407407
0 0.8354166666666667 0.6212962962962963 0.06875 0.1814814814814815
0 0.875 0.675 0.057291666666666664 0.17407407407407408
0 0.7575520833333333 0.6615740740740741 0.07135416666666666 0.21203703703703705
0 0.4828125 0.7388888888888889 0.09791666666666667 0.17592592592592593
0 0.14296875 0.8208333333333334 0.12135416666666667 0.15462962962962964
0 0.5541666666666667 0.7902777777777779 0.06770833333333333 0.17685185185185187
0 0.81875 0.8250000000000001 0.090625 0.1388888888888889
0 0.8802083333333334 0.8375 0.053125 0.10833333333333334
