0 0.5296875 0.27037037037037037 0.071875 0.11481481481481481
0 0.5875 0.33055555555555555 0.0625 0.16296296296296298
0 0.6450520833333333 0.3837962962962963 0.059895833333333336 0.1953703703703704
0 0.6984375 0.4134259259259259 0.05416666666666667 0.19722222222222224
0 0.7356770833333334 0.28703703703703703 0.06510416666666667 0.1388888888888889
0 0.8013020833333333 0.46805555555555556 0.06302083333333333 0.18055555555555555
0 0.8604166666666666 0.4189814814814815 0.053125 0.1787037037037037
0 0.5111979166666667 0.41064814814814815 0.09114583333333333 0.17685185185185187
0 0.3390625 0.4337962962962963 0.10625 0.14351851851851852
0 0.3216145833333333 0.5606481481481481 0.0953125 0.14907407407407408
0 0.22734374999999998 0.487962962962963 0.06614583333333333 0.19814814814814816
0 0.18854166666666666 0.47175925925925927 0.059375 0.21574074074074076
0 0.1390625 0.49074074074074076 0.07395833333333333 0.1574074074074074
0 0.11484375 0.5412037037037037 0.057812499999999996 0.1175925925925926
0 0.09244791666666667 0.6703703703703704 0.0640625 0.12962962962962962
0 0.09270833333333334 0.7356481481481482 0.052083333333333336 0.075
0 0.09765625 0.8111111111111111 0.058854166666666666 0.10185185185185186
0 0.2794270833333333 0.7666666666666667 0.12864583333333332 0.11666666666666667
0 0.23489583333333333 0.8467592592592593 0.03333333333333333 0.058333333333333334
0 0.16822916666666665 0.7467592592592592 0.05416666666666667 0.125
0 0.3598958333333333 0.8467592592592593 0.08020833333333333 0.08240740740740742
0 0.6177083333333333 0.8222222222222223 0.08333333333333333 0.12407407407407407
0 0.6872395833333333 0.8592592592592593 0.043229166666666666 0.05925925925925926
0 0.8270833333333333 0.8291666666666667 0.08125 0.125
0 0.8781249999999999 0.8351851851851853 0.04375 0.09444444444444444
