0 0.90390625 0.24537037037037038 0.1140625 0.10370370370370371
0 0.8005208333333333 0.300462962962963 0.08645833333333333 0.1287037037037037
0 0.6361979166666667 0.2611111111111111 0.0640625 0.08148148148148149
0 0.5263020833333333 0.32175925925925924 0.07552083333333333 0.1787037037037037
0 0.44765625 0.2476851851851852 0.08802083333333333 0.08611111111111111
0 0.5518229166666666 0.4800925925925926 0.08802083333333333 0.1953703703703704
0 0.690625 0.44722222222222224 0.09375 0.1814814814814815
0 0.8135416666666666 0.4564814814814815 0.06979166666666667 0.1851851851851852
0 0.8479166666666667 0.8365740740740741 0.065625 0.11018518518518519
0 0.33359375 0.6157407407407408 0.11510416666666666 0.1574074074074074
0 0.271875 0.4865740740740741 0.065625 0.18055555555555555
0 0.2265625 0.48055555555555557 0.071875 0.18703703703703706
0 0.20026041666666666 0.5833333333333334 0.08697916666666666 0.17592592592592593
0 0.12604166666666666 0.5083333333333333 0.053125 0.12962962962962962
0 0.09765625 0.5745370370370371 0.05572916666666666 0.1212962962962963
0 0.09166666666666666 0.6819444444444445 0.07083333333333333 0.08796296296296297
0 0.10286458333333333 0.7810185185185186 0.05364583333333333 0.11018518518518519
0 0.14375 0.7300925925925926 0.05416666666666667 0.13425925925925927
0 0.21223958333333334 0.8342592592592593 0.11822916666666666 0.10740740740740741
