0 0.24739583333333334 0.3365740740740741 0.08333333333333333 0.17314814814814816
0 0.2752604166666667 0.2606481481481482 0.06822916666666666 0.1212962962962963
0 0.3302083333333333 0.3041666666666667 0.08229166666666667 0.18796296296296297
0 0.34296875 0.45972222222222225 0.07864583333333333 0.18425925925925926
0 0.44114583333333335 0.24537037037037038 0.04791666666666666 0.07592592592592592
0 0.5174479166666667 0.3055555555555556 0.0734375 0.17777777777777778
0 0.6216145833333333 0.36944444444444446 0.07239583333333333 0.17592592592592593
0 0.7020833333333333 0.33333333333333337 0.078125 0.1925925925925926
0 0.77578125 0.3939814814814815 0.08177083333333333 0.18796296296296297
0 0.6611979166666666 0.6824074074074075 0.10572916666666667 0.19074074074074074
0 0.8747395833333333 0.6837962962962963 0.07135416666666666 0.125
0 0.5552083333333333 0.8300925925925926 0.09479166666666666 0.10462962962962963
0 0.6111979166666667 0.8365740740740741 0.05572916666666666 0.11203703703703705
0 0.4515625 0.7606481481481482 0.07916666666666666 0.17500000000000002
0 0.4783854166666667 0.6083333333333334 0.07135416666666666 0.16111111111111112
0 0.3997395833333333 0.6013888888888889 0.06614583333333333 0.17314814814814816
0 0.23932291666666666 0.6837962962962963 0.05677083333333333 0.16203703703703703
0 0.2864583333333333 0.7870370370370371 0.078125 0.17222222222222222
0 0.14557291666666666 0.8328703703703704 0.0921875 0.14722222222222223
0 0.8239583333333333 0.8273148148148148 0.05416666666666667 0.12314814814814816
