0 0.6653645833333334 0.24722222222222223 0.07135416666666666 0.08888888888888889
0 0.7393229166666666 0.2513888888888889 0.0734375 0.10462962962962963
0 0.7661458333333333 0.4449074074074074 0.07083333333333333 0.17500000000000002
0 0.8565104166666666 0.6467592592592593 0.06927083333333334 0.19907407407407407
0 0.8036458333333333 0.6888888888888889 0.06770833333333333 0.20370370370370372
0 0.8854166666666666 0.8101851851851852 0.06354166666666666 0.14814814814814814
0 0.8361979166666667 0.8365740740740741 0.05677083333333333 0.10648148148148148
0 0.740625 0.7925925925925926 0.11875 0.14444444444444446
0 0.6111979166666667 0.7601851851851852 0.09322916666666667 0.18888888888888888
0 0.5955729166666667 0.6300925925925926 0.1171875 0.14722222222222223
0 0.5401041666666666 0.7425925925925926 0.096875 0.16111111111111112
0 0.45625 0.7333333333333334 0.09895833333333333 0.2
0 0.46796875 0.5953703703703704 0.0984375 0.1851851851851852
0 0.42994791666666665 0.4388888888888889 0.0890625 0.18333333333333335
0 0.40963541666666664 0.32592592592592595 0.0921875 0.10740740740740741
0 0.35572916666666665 0.3490740740740741 0.059375 0.21666666666666667
0 0.3098958333333333 0.31157407407407406 0.06875 0.20092592592592592
0 0.27317708333333335 0.38981481481481484 0.07135416666666666 0.19074074074074074
0 0.30416666666666664 0.5189814814814815 0.09895833333333333 0.1564814814814815
0 0.20208333333333334 0.4902777777777778 0.08125 0.1953703703703704
0 0.11953124999999999 0.42962962962962964 0.06197916666666667 0.18703703703703706
0 0.1859375 0.8476851851851852 0.121875 0.10648148148148148
0 0.10598958333333333 0.8055555555555556 0.0734375 0.10370370370370371
0 0.1109375 0.7347222222222223 0.06979166666666667 0.09722222222222222
0 0.10703125 0.6199074074074075 0.06197916666666667 0.16018518518518518
