0 0.3692708333333333 0.25324074074074077 0.08854166666666667 0.11203703703703705
0 0.4473958333333333 0.3490740740740741 0.09375 0.1814814814814815
0 0.6260416666666666 0.2828703703703704 0.059375 0.14722222222222223
0 0.6638020833333333 0.3699074074074074 0.07135416666666666 0.16574074074074074
0 0.4036458333333333 0.4763888888888889 0.10416666666666667 0.1638888888888889
0 0.38203125 0.5916666666666667 0.12239583333333333 0.13703703703703704
0 0.33541666666666664 0.7226851851851852 0.07708333333333334 0.16203703703703703
0 0.1453125 0.6652777777777779 0.078125 0.14722222222222223
0 0.09322916666666667 0.6180555555555556 0.06354166666666666 0.2064814814814815
0 0.10364583333333333 0.7800925925925927 0.06354166666666666 0.16018518518518518
0 0.09453125 0.8865740740740741 0.0859375 0.12685185185185185
0 0.19817708333333334 0.8560185185185185 0.1171875 0.11203703703703705
0 0.35859375 0.8351851851851853 0.06302083333333333 0.09444444444444444
0 0.43359375 0.8356481481481481 0.09010416666666667 0.10462962962962963
0 0.5127604166666666 0.8351851851851853 0.0953125 0.1277777777777778
0 0.67421875 0.8291666666666667 0.10989583333333333 0.1287037037037037
0 0.28046875 0.8347222222222223 0.0859375 0.10833333333333334
