0 0.4354166666666667 0.32175925925925924 0.06979166666666667 0.18055555555555555
0 0.4908854166666667 0.40740740740740744 0.0546875 0.16666666666666669
0 0.54140625 0.4115740740740741 0.057812499999999996 0.15833333333333333
0 0.6002604166666666 0.3236111111111111 0.08489583333333334 0.13055555555555556
0 0.6854166666666667 0.32407407407407407 0.10104166666666667 0.10370370370370371
0 0.6390625 0.4083333333333333 0.096875 0.1425925925925926
0 0.71796875 0.44953703703703707 0.08385416666666666 0.15833333333333333
0 0.33229166666666665 0.24166666666666667 0.041666666666666664 0.05555555555555556
0 0.2752604166666667 0.2425925925925926 0.04114583333333333 0.04814814814814815
0 0.525 0.24027777777777778 0.06041666666666667 0.058333333333333334
0 0.659375 0.24027777777777778 0.05 0.049074074074074076
0 0.3794270833333333 0.5013888888888889 0.07552083333333333 0.1824074074074074
0 0.4640625 0.5370370370370371 0.09166666666666666 0.17777777777777778
0 0.8161458333333333 0.6675925925925926 0.10104166666666667 0.19814814814814816
0 0.45468749999999997 0.7495370370370371 0.075 0.15092592592592594
0 0.35546875 0.7328703703703704 0.07135416666666666 0.16018518518518518
0 0.3190104166666667 0.8347222222222223 0.0609375 0.09907407407407408
0 0.4046875 0.763888888888889 0.040625 0.15555555555555556
0 0.7036458333333333 0.8398148148148148 0.09895833333333333 0.09814814814814815
0 0.8153645833333333 0.851388888888889 0.08072916666666667 0.10462962962962963
0 0.8765625 0.8412037037037038 0.065625 0.09351851851851853
0 0.26145833333333335 0.8472222222222222 0.053125 0.08148148148148149
0 0.4309895833333333 0.8490740740740741 0.08489583333333334 0.08888888888888889
