0 0.3684895833333333 0.25416666666666665 0.049479166666666664 0.07685185185185185
0 0.27317708333333335 0.2574074074074074 0.058854166666666666 0.0962962962962963
0 0.18072916666666666 0.36435185185185187 0.084375 0.16574074074074074
0 0.24453125 0.37083333333333335 0.0734375 0.1527777777777778
0 0.33359375 0.38657407407407407 0.059895833333333336 0.16203703703703703
0 0.39348958333333334 0.4050925925925926 0.07552083333333333 0.18796296296296297
0 0.5265625 0.4439814814814815 0.078125 0.1787037037037037
0 0.6393229166666666 0.25462962962962965 0.0703125 0.06296296296296297
0 0.8442708333333333 0.26666666666666666 0.06041666666666667 0.08333333333333334
0 0.8221354166666667 0.37083333333333335 0.0984375 0.15833333333333333
0 0.61171875 0.5800925925925926 0.10989583333333333 0.19166666666666668
0 0.7705729166666666 0.6550925925925927 0.06927083333333334 0.1638888888888889
0 0.7145833333333333 0.7287037037037037 0.084375 0.17962962962962964
0 0.390625 0.85 0.09791666666666667 0.07777777777777778
0 0.2799479166666667 0.8240740740740741 0.0921875 0.12222222222222223
0 0.12682291666666667 0.8157407407407408 0.07447916666666667 0.1425925925925926
