0 0.4744791666666667 0.23657407407407408 0.08854166666666667 0.06018518518518519
0 0.6466145833333333 0.24675925925925926 0.0484375 0.05277777777777778
0 0.6583333333333333 0.3421296296296296 0.109375 0.10277777777777779
0 0.7744791666666666 0.3717592592592593 0.06979166666666667 0.16203703703703703
0 0.7953125 0.29120370370370374 0.07708333333333334 0.1212962962962963
0 0.8552083333333333 0.274537037037037 0.06875 0.10833333333333334
0 0.3177083333333333 0.3462962962962963 0.084375 0.14074074074074075
0 0.12135416666666667 0.49953703703703706 0.06458333333333333 0.17500000000000002
0 0.8510416666666667 0.5537037037037037 0.078125 0.19444444444444445
0 0.30625 0.7976851851851852 0.08020833333333333 0.1638888888888889
0 0.7291666666666666 0.8430555555555556 0.12395833333333334 0.10277777777777779
0 0.8872395833333333 0.7583333333333334 0.0515625 0.16481481481481483
0 0.83203125 0.8305555555555556 0.05364583333333333 0.10555555555555556
