0 0.3807291666666667 0.26435185185185184 0.07083333333333333 0.11944444444444445
0 0.26640625 0.4 0.0921875 0.21666666666666667
0 0.1015625 0.6638888888888889 0.06354166666666666 0.14074074074074075
0 0.15104166666666666 0.6310185185185185 0.06875 0.1824074074074074
0 0.11041666666666666 0.7782407407407408 0.071875 0.16203703703703703
0 0.09166666666666666 0.8824074074074074 0.09375 0.11666666666666667
0 0.24010416666666667 0.8337962962962964 0.1125 0.15833333333333333
0 0.32838541666666665 0.8685185185185186 0.09635416666666667 0.12037037037037038
0 0.42421875 0.7625000000000001 0.09010416666666667 0.14722222222222223
0 0.7481770833333333 0.8342592592592593 0.08177083333333333 0.12962962962962962
0 0.490625 0.800462962962963 0.08125 0.07314814814814816
0 0.4864583333333333 0.8476851851851852 0.09375 0.09351851851851853
