0 0.41302083333333334 0.24027777777777778 0.03958333333333333 0.05277777777777778
0 0.48385416666666664 0.26990740740740743 0.06145833333333333 0.12685185185185185
0 0.5598958333333334 0.31203703703703706 0.08333333333333333 0.18333333333333335
0 0.6903645833333333 0.4416666666666667 0.07864583333333333 0.20925925925925926
0 0.80703125 0.5175925925925926 0.08177083333333333 0.21481481481481482
0 0.5325520833333334 0.5203703703703704 0.08697916666666666 0.20555555555555557
0 0.3028645833333333 0.3717592592592593 0.11197916666666667 0.14537037037037037
0 0.3177083333333333 0.46620370370370373 0.125 0.1212962962962963
0 0.3234375 0.5513888888888889 0.13020833333333334 0.1287037037037037
0 0.20182291666666666 0.4527777777777778 0.0921875 0.17407407407407408
0 0.0984375 0.35833333333333334 0.07708333333333334 0.20185185185185187
0 0.21901041666666665 0.6064814814814815 0.08072916666666667 0.17777777777777778
0 0.05859375 0.6236111111111111 0.0546875 0.2675925925925926
0 0.12708333333333333 0.5731481481481482 0.053125 0.20370370370370372
0 0.10781249999999999 0.6078703703703704 0.04583333333333333 0.17314814814814816
0 0.096875 0.8037037037037037 0.0625 0.11111111111111112
0 0.21822916666666667 0.8421296296296297 0.11458333333333333 0.09537037037037037
0 0.6333333333333333 0.7731481481481481 0.075 0.2111111111111111
0 0.6888020833333334 0.8527777777777779 0.049479166666666664 0.08703703703703704
0 0.7549479166666666 0.850462962962963 0.09739583333333333 0.09722222222222222
0 0.8666666666666667 0.8462962962962963 0.053125 0.07222222222222223
0 0.4049479166666667 0.8421296296296297 0.06510416666666667 0.08611111111111111
0 0.13515625 0.7495370370370371 0.0640625 0.1564814814814815
