0 0.6299479166666666 0.29583333333333334 0.07239583333333333 0.1675925925925926
0 0.4002604166666667 0.30324074074074076 0.0828125 0.1527777777777778
0 0.740625 0.4083333333333333 0.0875 0.17592592592592593
0 0.5651041666666666 0.46342592592592596 0.06354166666666666 0.18425925925925926
0 0.45807291666666666 0.6162037037037037 0.08697916666666666 0.1953703703703704
0 0.31666666666666665 0.5189814814814815 0.08854166666666667 0.15833333333333333
0 0.20416666666666666 0.47314814814814815 0.07916666666666666 0.19444444444444445
0 0.125 0.5208333333333334 0.052083333333333336 0.15462962962962964
0 0.10755208333333333 0.5935185185185186 0.059895833333333336 0.13518518518518519
0 0.08932291666666667 0.6712962962962963 0.058854166666666666 0.13148148148148148
0 0.10520833333333333 0.8078703703703703 0.065625 0.1175925925925926
0 0.1859375 0.8101851851851852 0.07395833333333333 0.14814814814814814
0 0.39348958333333334 0.7527777777777778 0.0703125 0.1537037037037037
0 0.43463541666666666 0.8143518518518519 0.05572916666666666 0.13796296296296298
0 0.35963541666666665 0.8375 0.09322916666666667 0.10092592592592593
0 0.6690104166666666 0.8337962962962964 0.0828125 0.11574074074074074
0 0.840625 0.7837962962962963 0.08958333333333333 0.18055555555555555
