0 0.69140625 0.3226851851851852 0.11822916666666666 0.11944444444444445
0 0.6760416666666667 0.41481481481481486 0.090625 0.11111111111111112
0 0.6059895833333333 0.4217592592592593 0.07552083333333333 0.15833333333333333
0 0.5557291666666666 0.47453703703703703 0.07916666666666666 0.16203703703703703
0 0.49322916666666666 0.40231481481481485 0.06458333333333333 0.16574074074074074
0 0.44557291666666665 0.3143518518518519 0.0671875 0.15092592592592594
0 0.3380208333333333 0.3041666666666667 0.07395833333333333 0.13796296296296298
0 0.33489583333333334 0.4462962962962963 0.08541666666666667 0.12407407407407407
0 0.421875 0.4587962962962963 0.0875 0.14722222222222223
0 0.6684895833333333 0.2476851851851852 0.059895833333333336 0.06759259259259259
0 0.84453125 0.5921296296296297 0.11197916666666667 0.16944444444444445
0 0.3013020833333333 0.7240740740740741 0.1046875 0.15
0 0.17630208333333333 0.8421296296296297 0.0703125 0.10277777777777779
0 0.26458333333333334 0.8384259259259259 0.08020833333333333 0.09166666666666667
0 0.6822916666666666 0.8166666666666667 0.10520833333333333 0.11666666666666667
0 0.796875 0.8467592592592593 0.078125 0.10277777777777779
0 0.8549479166666667 0.8467592592592593 0.0609375 0.11018518518518519
