0 0.13541666666666666 0.8472222222222222 0.08645833333333333 0.14444444444444446
0 0.6411458333333333 0.7393518518518519 0.10729166666666666 0.1787037037037037
0 0.43046875 0.6490740740740741 0.07552083333333333 0.2
0 0.39765625 0.8393518518518519 0.06927083333333334 0.10277777777777779
0 0.8778645833333333 0.8009259259259259 0.06510416666666667 0.16296296296296298
0 0.29010416666666666 0.24027777777777778 0.071875 0.06759259259259259
0 0.3338541666666667 0.26851851851851855 0.06979166666666667 0.1277777777777778
0 0.39921875 0.24120370370370373 0.0703125 0.06574074074074074
0 0.51953125 0.26481481481481484 0.0796875 0.11111111111111112
0 0.5322916666666666 0.3842592592592593 0.09583333333333333 0.15
0 0.609375 0.3666666666666667 0.07291666666666667 0.1574074074074074
0 0.7138020833333333 0.2939814814814815 0.06197916666666667 0.16203703703703703
0 0.6765625 0.4939814814814815 0.071875 0.16574074074074074
0 0.7666666666666666 0.5050925925925926 0.06875 0.1527777777777778
0 0.7609375 0.3685185185185185 0.065625 0.15185185185185185
0 0.8049479166666667 0.3925925925925926 0.05260416666666667 0.18333333333333335
0 0.8515625 0.36712962962962964 0.06041666666666667 0.1712962962962963
0 0.8783854166666667 0.5180555555555556 0.07447916666666667 0.16574074074074074
0 0.6096354166666667 0.8537037037037037 0.1203125 0.07777777777777778
