0 0.4901041666666667 0.275 0.08125 0.1425925925925926
0 0.403125 0.30324074074074076 0.08645833333333333 0.16944444444444445
0 0.20182291666666666 0.46805555555555556 0.08802083333333333 0.17685185185185187
0 0.31927083333333334 0.5069444444444444 0.1 0.15092592592592594
0 0.4557291666666667 0.6041666666666667 0.075 0.18055555555555555
0 0.55234375 0.5393518518518519 0.12135416666666667 0.1527777777777778
0 0.7200520833333334 0.38472222222222224 0.0796875 0.1675925925925926
0 0.80859375 0.5111111111111112 0.0640625 0.17777777777777778
0 0.76171875 0.4675925925925926 0.0765625 0.16666666666666669
0 0.703125 0.5175925925925926 0.08020833333333333 0.17777777777777778
0 0.7734375 0.5990740740740741 0.07604166666666666 0.16111111111111112
0 0.5627604166666667 0.6666666666666667 0.08072916666666667 0.21666666666666667
0 0.8776041666666666 0.8208333333333334 0.059375 0.125
0 0.8453125 0.8462962962962963 0.08333333333333333 0.08333333333333334
0 0.6838541666666667 0.8421296296296297 0.051041666666666666 0.07314814814814816
0 0.2544270833333333 0.8444444444444444 0.09427083333333333 0.08148148148148149
0 0.1765625 0.8393518518518519 0.08541666666666667 0.08981481481481482
0 0.22421875 0.6152777777777778 0.0796875 0.17685185185185187
0 0.12682291666666667 0.5023148148148149 0.06302083333333333 0.12685185185185185
0 0.11223958333333334 0.5837962962962964 0.058854166666666666 0.11018518518518519
0 0.090625 0.6509259259259259 0.07291666666666667 0.10555555555555556
0 0.10208333333333333 0.8037037037037037 0.075 0.0925925925925926
0 0.10052083333333334 0.7263888888888889 0.06145833333333333 0.08425925925925926
