0 0.73046875 0.32222222222222224 0.08177083333333333 0.1574074074074074
0 0.49557291666666664 0.34444444444444444 0.0796875 0.18333333333333335
0 0.1984375 0.4810185185185185 0.08541666666666667 0.20462962962962963
0 0.8643229166666666 0.5324074074074074 0.09322916666666667 0.16481481481481483
0 0.7484375 0.5453703703703704 0.07395833333333333 0.18703703703703706
0 0.36614583333333334 0.5337962962962963 0.096875 0.1824074074074074
0 0.20755208333333333 0.6231481481481481 0.09947916666666666 0.10185185185185186
0 0.15234375 0.6814814814814815 0.058854166666666666 0.1814814814814815
0 0.31875 0.6796296296296297 0.07916666666666666 0.16666666666666669
0 0.48671875 0.7074074074074075 0.0796875 0.1685185185185185
0 0.8018229166666666 0.800462962962963 0.07239583333333333 0.1787037037037037
0 0.4276041666666667 0.8425925925925927 0.11145833333333333 0.11296296296296297
0 0.16223958333333333 0.813425925925926 0.058854166666666666 0.14351851851851852
0 0.4947916666666667 0.8398148148148148 0.053125 0.10740740740740741
0 0.6497395833333334 0.24351851851851852 0.049479166666666664 0.061111111111111116
