0 0.7140625 0.26203703703703707 0.08125 0.10555555555555556
0 0.4127604166666667 0.30648148148148147 0.10364583333333333 0.1537037037037037
0 0.7138020833333333 0.41111111111111115 0.0765625 0.18333333333333335
0 0.8213541666666666 0.5152777777777778 0.09479166666666666 0.18796296296296297
0 0.7783854166666666 0.6768518518518519 0.11614583333333334 0.1814814814814815
0 0.8799479166666666 0.7615740740740741 0.06614583333333333 0.16018518518518518
0 0.7083333333333334 0.850925925925926 0.05625 0.08148148148148149
0 0.4614583333333333 0.6013888888888889 0.09375 0.1953703703703704
0 0.32057291666666665 0.4638888888888889 0.1015625 0.16666666666666669
0 0.20260416666666667 0.46851851851851856 0.09166666666666666 0.17592592592592593
0 0.13411458333333334 0.4185185185185185 0.0796875 0.17407407407407408
0 0.1265625 0.5092592592592593 0.06145833333333333 0.1388888888888889
0 0.10390624999999999 0.5833333333333334 0.06927083333333334 0.1388888888888889
0 0.18645833333333334 0.7050925925925926 0.07291666666666667 0.16944444444444445
0 0.32838541666666665 0.8300925925925926 0.10781249999999999 0.12314814814814816
0 0.2630208333333333 0.8310185185185186 0.08541666666666667 0.11388888888888889
0 0.1015625 0.7953703703703704 0.06979166666666667 0.11296296296296297
0 0.096875 0.6773148148148148 0.059375 0.11574074074074074
0 0.18984375 0.8393518518518519 0.09010416666666667 0.09722222222222222
0 0.81640625 0.8111111111111111 0.0671875 0.14814814814814814
