0 0.28515625 0.24027777777777778 0.08177083333333333 0.07685185185185185
0 0.6184895833333334 0.31851851851851853 0.09635416666666667 0.15925925925925927
0 0.8013020833333333 0.34675925925925927 0.06197916666666667 0.1675925925925926
0 0.81875 0.24953703703703706 0.065625 0.09166666666666667
0 0.6989583333333333 0.5601851851851852 0.08125 0.17777777777777778
0 0.8690104166666667 0.7402777777777778 0.08802083333333333 0.19722222222222224
0 0.3359375 0.7912037037037037 0.08333333333333333 0.1638888888888889
0 0.27708333333333335 0.6560185185185186 0.11562499999999999 0.13055555555555556
0 0.2796875 0.45601851851851855 0.08125 0.18981481481481483
0 0.20442708333333334 0.5513888888888889 0.07447916666666667 0.19351851851851853
0 0.04010416666666666 0.7268518518518519 0.07083333333333333 0.25
0 0.2015625 0.825925925925926 0.103125 0.11666666666666667
0 0.09609375 0.887962962962963 0.09947916666666666 0.12962962962962962
0 0.10416666666666667 0.7583333333333334 0.05625 0.1925925925925926
0 0.13697916666666665 0.6759259259259259 0.06041666666666667 0.19444444444444445
