0 0.309375 0.3287037037037037 0.09375 0.15925925925925927
0 0.5830729166666666 0.3277777777777778 0.08489583333333334 0.16481481481481483
0 0.6145833333333334 0.275 0.06145833333333333 0.13148148148148148
0 0.8041666666666667 0.6148148148148148 0.103125 0.1388888888888889
0 0.8708333333333333 0.7347222222222223 0.07916666666666666 0.16203703703703703
0 0.6950520833333333 0.800462962962963 0.0796875 0.12685185185185185
0 0.44296874999999997 0.8458333333333333 0.11510416666666666 0.10092592592592593
0 0.25494791666666666 0.8351851851851853 0.10989583333333333 0.0962962962962963
0 0.16432291666666665 0.8421296296296297 0.0859375 0.12685185185185185
0 0.5799479166666667 0.8518518518518519 0.08802083333333333 0.07592592592592592
