0 0.5296875 0.25462962962962965 0.065625 0.11111111111111112
0 0.6510416666666666 0.31666666666666665 0.08958333333333333 0.14444444444444446
0 0.8432291666666667 0.3472222222222222 0.09479166666666666 0.17407407407407408
0 0.5143229166666666 0.4185185185185185 0.0796875 0.1685185185185185
0 0.8575520833333333 0.7018518518518518 0.09739583333333333 0.14444444444444446
0 0.3578125 0.7601851851851852 0.08229166666666667 0.19074074074074074
0 0.25078125 0.7476851851851852 0.08489583333333334 0.18981481481481483
0 0.1703125 0.850925925925926 0.059375 0.08333333333333334
0 0.5916666666666667 0.8027777777777778 0.08541666666666667 0.16481481481481483
0 0.6611979166666666 0.8476851851851852 0.07760416666666667 0.09722222222222222
0 0.6052083333333333 0.25462962962962965 0.10104166666666667 0.07592592592592592
0 0.33697916666666666 0.24953703703703706 0.051041666666666666 0.08240740740740742
