0 0.29583333333333334 0.23564814814814816 0.06875 0.07314814814814816
0 0.42916666666666664 0.23750000000000002 0.08020833333333333 0.06944444444444445
0 0.615625 0.39537037037037037 0.078125 0.1814814814814815
0 0.70703125 0.3995370370370371 0.0765625 0.20092592592592592
0 0.809375 0.5194444444444445 0.075 0.21296296296296297
0 0.5911458333333334 0.5115740740740741 0.11145833333333333 0.17314814814814816
0 0.4575520833333333 0.5958333333333333 0.0859375 0.20833333333333334
0 0.6135416666666667 0.7402777777777778 0.103125 0.2064814814814815
0 0.7768229166666667 0.700462962962963 0.09635416666666667 0.17314814814814816
0 0.8841145833333334 0.8305555555555556 0.05677083333333333 0.12222222222222223
0 0.8015625 0.8273148148148148 0.06979166666666667 0.1287037037037037
0 0.703125 0.8615740740740742 0.04895833333333333 0.06574074074074074
0 0.6466145833333333 0.8546296296296296 0.049479166666666664 0.07037037037037037
0 0.43359375 0.8458333333333333 0.11614583333333334 0.10648148148148148
0 0.28515625 0.8328703703703704 0.10260416666666666 0.11203703703703705
0 0.10572916666666667 0.8023148148148148 0.057291666666666664 0.10648148148148148
0 0.31197916666666664 0.47222222222222227 0.09375 0.14074074074074075
0 0.33619791666666665 0.32731481481481484 0.10052083333333334 0.18055555555555555
0 0.19921875 0.4740740740740741 0.08802083333333333 0.19814814814814816
0 0.11770833333333333 0.5212962962962964 0.059375 0.14444444444444446
0 0.10911458333333333 0.587962962962963 0.06927083333333334 0.11296296296296297
0 0.09739583333333333 0.6546296296296297 0.06145833333333333 0.10925925925925926
0 0.19140625 0.7208333333333333 0.0671875 0.1712962962962963
0 0.19375 0.8268518518518518 0.103125 0.10185185185185186
