0 0.19973958333333333 0.20787037037037037 0.08385416666666666 0.1638888888888889
0 0.140625 0.24305555555555555 0.0625 0.1175925925925926
0 0.2791666666666667 0.32083333333333336 0.078125 0.16944444444444445
0 0.503125 0.27731481481481485 0.090625 0.10833333333333334
0 0.6286458333333333 0.24722222222222223 0.08229166666666667 0.07962962962962963
0 0.7723958333333333 0.425462962962963 0.06770833333333333 0.17314814814814816
0 0.7942708333333334 0.5685185185185185 0.06875 0.18333333333333335
0 0.659375 0.4166666666666667 0.07083333333333333 0.16666666666666669
0 0.58203125 0.38981481481481484 0.0703125 0.16666666666666669
0 0.6578125 0.5597222222222222 0.07604166666666666 0.1638888888888889
0 0.61640625 0.6518518518518519 0.12447916666666667 0.1388888888888889
0 0.528125 0.4763888888888889 0.08229166666666667 0.19166666666666668
0 0.48411458333333335 0.47453703703703703 0.06614583333333333 0.19166666666666668
0 0.4328125 0.49722222222222223 0.08020833333333333 0.18333333333333335
0 0.35104166666666664 0.4430555555555556 0.09479166666666666 0.1287037037037037
0 0.3731770833333333 0.5504629629629629 0.07447916666666667 0.18425925925925926
0 0.32265625 0.5768518518518518 0.07864583333333333 0.17962962962962964
0 0.24322916666666666 0.5597222222222222 0.08020833333333333 0.18796296296296297
0 0.1140625 0.32453703703703707 0.04583333333333333 0.1527777777777778
0 0.07057291666666667 0.48703703703703705 0.0671875 0.22592592592592595
0 0.15364583333333334 0.5231481481481481 0.05625 0.1388888888888889
0 0.11458333333333333 0.5259259259259259 0.04583333333333333 0.0925925925925926
0 0.11770833333333333 0.42083333333333334 0.05520833333333333 0.14166666666666666
0 0.13723958333333333 0.6458333333333334 0.044270833333333336 0.12685185185185185
0 0.06458333333333333 0.725 0.06145833333333333 0.17222222222222222
0 0.10286458333333333 0.8217592592592593 0.0703125 0.125
0 0.18802083333333333 0.8467592592592593 0.09375 0.10462962962962963
0 0.29921875 0.8375 0.04114583333333333 0.08425925925925926
0 0.5419270833333333 0.8398148148148148 0.05677083333333333 0.10555555555555556
0 0.5958333333333333 0.7856481481481482 0.0875 0.1564814814814815
0 0.6533854166666666 0.8018518518518519 0.06614583333333333 0.1574074074074074
0 0.7239583333333334 0.8541666666666667 0.0875 0.1175925925925926
0 0.8401041666666667 0.8458333333333333 0.090625 0.1212962962962963
0 0.9369791666666667 0.6939814814814815 0.071875 0.13796296296296298
0 0.9213541666666667 0.5967592592592593 0.06875 0.1398148148148148
0 0.9151041666666666 0.7722222222222223 0.06979166666666667 0.2111111111111111
0 0.8270833333333333 0.7592592592592593 0.052083333333333336 0.1
0 0.7817708333333333 0.7430555555555556 0.05520833333333333 0.17314814814814816
0 0.7388020833333333 0.7402777777777778 0.06302083333333333 0.14907407407407408
0 0.4734375 0.6509259259259259 0.07395833333333333 0.17962962962962964
0 0.096875 0.6560185185185186 0.04479166666666667 0.14907407407407408
0 0.25364583333333335 0.24074074074074076 0.06875 0.08333333333333334
