0 0.12864583333333332 0.2564814814814815 0.059375 0.08703703703703704
0 0.6888020833333334 0.30833333333333335 0.08072916666666667 0.1388888888888889
0 0.8255208333333334 0.3513888888888889 0.08229166666666667 0.1675925925925926
0 0.8669270833333333 0.46481481481481485 0.0671875 0.17222222222222222
0 0.8 0.47685185185185186 0.06458333333333333 0.17777777777777778
0 0.7458333333333333 0.46296296296296297 0.06666666666666667 0.19444444444444445
0 0.6065104166666666 0.5625 0.08385416666666666 0.20833333333333334
0 0.6296875 0.8287037037037037 0.10833333333333334 0.12037037037037038
0 0.86171875 0.8273148148148148 0.0671875 0.125
0 0.71015625 0.8300925925925926 0.0515625 0.10462962962962963
