0 0.2833333333333333 0.375 0.08854166666666667 0.16666666666666669
0 0.49557291666666664 0.26990740740740743 0.06510416666666667 0.09907407407407408
0 0.5494791666666666 0.2388888888888889 0.07291666666666667 0.05185185185185186
0 0.653125 0.24722222222222223 0.04791666666666666 0.053703703703703705
0 0.7455729166666667 0.35879629629629634 0.05364583333333333 0.16944444444444445
0 0.6940104166666666 0.36203703703703705 0.06614583333333333 0.17222222222222222
0 0.8200520833333333 0.5092592592592593 0.10052083333333334 0.17777777777777778
0 0.6768229166666666 0.46064814814814814 0.10260416666666666 0.1712962962962963
0 0.64921875 0.5865740740740741 0.08489583333333334 0.17685185185185187
0 0.75703125 0.6472222222222223 0.0890625 0.1685185185185185
0 0.8796875 0.7291666666666667 0.07395833333333333 0.18981481481481483
0 0.67109375 0.6972222222222223 0.09114583333333333 0.17037037037037037
0 0.8388020833333333 0.8462962962962963 0.07864583333333333 0.10185185185185186
0 0.6002604166666666 0.8574074074074074 0.10677083333333333 0.0962962962962963
0 0.5484375 0.8421296296296297 0.090625 0.09351851851851853
0 0.26484375 0.7111111111111111 0.07760416666666667 0.16296296296296298
0 0.1640625 0.7486111111111111 0.103125 0.1675925925925926
0 0.23645833333333333 0.8337962962962964 0.0625 0.10277777777777779
0 0.3893229166666667 0.8546296296296296 0.0546875 0.06481481481481481
