0 0.19479166666666667 0.3375 0.08854166666666667 0.13611111111111113
0 0.26796875 0.33425925925925926 0.06302083333333333 0.16666666666666669
0 0.3143229166666667 0.24305555555555555 0.0359375 0.04166666666666667
0 0.4005208333333333 0.24212962962962964 0.036458333333333336 0.049074074074074076
0 0.3809895833333333 0.4199074074074074 0.08072916666666667 0.1675925925925926
0 0.61796875 0.2439814814814815 0.07447916666666667 0.04722222222222222
0 0.5661458333333333 0.24814814814814815 0.040625 0.06481481481481481
0 0.7161458333333334 0.4388888888888889 0.09479166666666666 0.1685185185185185
0 0.7955729166666666 0.4916666666666667 0.0703125 0.19074074074074074
0 0.6583333333333333 0.5069444444444444 0.07916666666666666 0.19166666666666668
0 0.5643229166666667 0.6444444444444445 0.09322916666666667 0.1851851851851852
0 0.4114583333333333 0.5592592592592592 0.08125 0.18333333333333335
0 0.34348958333333335 0.5722222222222223 0.0734375 0.17962962962962964
0 0.15416666666666667 0.8291666666666667 0.109375 0.1527777777777778
0 0.8489583333333334 0.7944444444444445 0.05625 0.1537037037037037
0 0.8880208333333334 0.8421296296296297 0.0375 0.08240740740740742
