0 0.76171875 0.5986111111111111 0.0921875 0.1712962962962963
0 0.40989583333333335 0.7300925925925926 0.09791666666666667 0.14351851851851852
0 0.51875 0.8435185185185186 0.07083333333333333 0.08703703703703704
0 0.45546875 0.8361111111111111 0.0640625 0.11666666666666667
0 0.31145833333333334 0.8736111111111111 0.09583333333333333 0.10277777777777779
0 0.20130208333333333 0.862037037037037 0.1171875 0.12962962962962962
0 0.08515625 0.888888888888889 0.11927083333333333 0.11851851851851852
0 0.09869791666666666 0.6592592592592593 0.0640625 0.11851851851851852
0 0.15364583333333334 0.6574074074074074 0.071875 0.15925925925925927
0 0.11067708333333333 0.7685185185185186 0.0640625 0.13703703703703704
0 0.30104166666666665 0.7513888888888889 0.08125 0.15462962962962964
0 0.3859375 0.8314814814814815 0.08020833333333333 0.10185185185185186
