0 0.7908854166666667 0.33287037037037037 0.11927083333333333 0.11388888888888889
0 0.51328125 0.27546296296296297 0.06510416666666667 0.125
0 0.4140625 0.34120370370370373 0.08958333333333333 0.15833333333333333
0 0.23098958333333333 0.3712962962962963 0.08072916666666667 0.15185185185185185
0 0.3106770833333333 0.5282407407407408 0.1109375 0.14351851851851852
0 0.45807291666666666 0.6087962962962963 0.06927083333333334 0.18981481481481483
0 0.5924479166666666 0.6324074074074074 0.07552083333333333 0.19074074074074074
0 0.7171875 0.6041666666666667 0.10833333333333334 0.19166666666666668
0 0.7609375 0.45 0.075 0.17037037037037037
0 0.9098958333333333 0.6194444444444445 0.09479166666666666 0.22037037037037038
0 0.684375 0.8527777777777779 0.07395833333333333 0.07777777777777778
0 0.20520833333333333 0.4847222222222222 0.06770833333333333 0.1712962962962963
0 0.16536458333333334 0.5314814814814816 0.0796875 0.16481481481481483
0 0.09739583333333333 0.5689814814814815 0.065625 0.15092592592592594
0 0.10286458333333333 0.7935185185185185 0.058854166666666666 0.12592592592592594
0 0.14739583333333334 0.7768518518518519 0.05 0.15
0 0.18567708333333333 0.8435185185185186 0.06510416666666667 0.10185185185185186
