0 0.58515625 0.28564814814814815 0.09427083333333333 0.1287037037037037
0 0.68359375 0.4287037037037037 0.08072916666666667 0.1851851851851852
0 0.8156249999999999 0.47500000000000003 0.090625 0.20370370370370372
0 0.4203125 0.24212962962962964 0.09270833333333334 0.06018518518518519
0 0.3528645833333333 0.4305555555555556 0.10260416666666666 0.1685185185185185
0 0.32265625 0.5402777777777777 0.10364583333333333 0.1638888888888889
0 0.23255208333333333 0.4865740740740741 0.08072916666666667 0.17500000000000002
0 0.20546875 0.5550925925925926 0.10260416666666666 0.1675925925925926
0 0.12421875 0.43842592592592594 0.06822916666666666 0.1287037037037037
0 0.14322916666666666 0.5305555555555556 0.051041666666666666 0.12037037037037038
0 0.11484375 0.5939814814814816 0.06822916666666666 0.13425925925925927
0 0.08828125 0.674074074074074 0.0640625 0.11481481481481481
0 0.10208333333333333 0.8097222222222222 0.09166666666666666 0.09907407407407408
0 0.10520833333333333 0.737962962962963 0.059375 0.08148148148148149
0 0.25234375 0.8328703703703704 0.11822916666666666 0.10833333333333334
0 0.6580729166666667 0.7939814814814815 0.07239583333333333 0.1712962962962963
0 0.6955729166666667 0.862037037037037 0.0421875 0.06851851851851852
0 0.7786458333333334 0.8467592592592593 0.057291666666666664 0.08240740740740742
0 0.8372395833333334 0.8106481481481482 0.11302083333333333 0.1398148148148148
0 0.42473958333333334 0.8300925925925926 0.0703125 0.09722222222222222
