0 0.765625 0.43703703703703706 0.084375 0.1814814814814815
0 0.4166666666666667 0.3148148148148148 0.09270833333333334 0.12962962962962962
0 0.3359375 0.34861111111111115 0.10416666666666667 0.12314814814814816
0 0.21692708333333333 0.33194444444444443 0.09739583333333333 0.13425925925925927
0 0.15208333333333332 0.3925925925925926 0.06666666666666667 0.18703703703703706
0 0.20130208333333333 0.4759259259259259 0.0703125 0.17777777777777778
0 0.10260416666666666 0.425 0.06354166666666666 0.12962962962962962
0 0.30885416666666665 0.5125000000000001 0.08854166666666667 0.16574074074074074
0 0.3692708333333333 0.5300925925925926 0.06354166666666666 0.19907407407407407
0 0.4088541666666667 0.4199074074074074 0.07291666666666667 0.17685185185185187
0 0.4627604166666667 0.6023148148148149 0.07239583333333333 0.19907407407407407
0 0.8117187499999999 0.6578703703703704 0.0859375 0.1712962962962963
0 0.8838541666666666 0.7921296296296296 0.05 0.18425925925925926
0 0.8182291666666667 0.7916666666666667 0.090625 0.14074074074074075
0 0.6638020833333333 0.8027777777777778 0.08385416666666666 0.16296296296296298
0 0.5885416666666666 0.7712962962962964 0.08333333333333333 0.1851851851851852
0 0.3614583333333333 0.7064814814814815 0.13125 0.1425925925925926
0 0.2895833333333333 0.8231481481481482 0.08333333333333333 0.12962962962962962
0 0.09947916666666666 0.7986111111111112 0.07083333333333333 0.11574074074074074
0 0.10364583333333333 0.6324074074074074 0.06875 0.17962962962962964
0 0.11953124999999999 0.5361111111111111 0.07447916666666667 0.1277777777777778
0 0.15598958333333332 0.6657407407407407 0.05364583333333333 0.12037037037037038
