0 0.4270833333333333 0.2550925925925926 0.10416666666666667 0.10277777777777779
0 0.696875 0.26481481481481484 0.06770833333333333 0.10185185185185186
0 0.7575520833333333 0.4467592592592593 0.07135416666666666 0.20833333333333334
0 0.50390625 0.487962962962963 0.1109375 0.13703703703703704
0 0.4002604166666667 0.3194444444444445 0.07552083333333333 0.1462962962962963
0 0.303125 0.5282407407407408 0.11354166666666667 0.14351851851851852
0 0.46171875 0.6166666666666667 0.08489583333333334 0.18888888888888888
0 0.19895833333333332 0.46944444444444444 0.084375 0.18333333333333335
0 0.12760416666666666 0.512962962962963 0.05625 0.14814814814814814
0 0.10781249999999999 0.5861111111111111 0.05520833333333333 0.13518518518518519
0 0.10026041666666667 0.6597222222222222 0.0859375 0.1175925925925926
0 0.10494791666666667 0.800462962962963 0.06614583333333333 0.1175925925925926
0 0.16744791666666667 0.8074074074074075 0.0859375 0.16111111111111112
0 0.3796875 0.7958333333333334 0.08854166666666667 0.17685185185185187
0 0.8268229166666666 0.8009259259259259 0.09739583333333333 0.17592592592592593
