0 0.3341145833333333 0.27592592592592596 0.0703125 0.15185185185185185
0 0.39817708333333335 0.31157407407407406 0.07447916666666667 0.16203703703703703
0 0.5385416666666667 0.47361111111111115 0.11875 0.14166666666666666
0 0.6786458333333333 0.45555555555555555 0.08020833333333333 0.1925925925925926
0 0.7526041666666666 0.4388888888888889 0.078125 0.20370370370370372
0 0.4596354166666667 0.6162037037037037 0.07135416666666666 0.18981481481481483
0 0.8156249999999999 0.7587962962962963 0.075 0.1824074074074074
0 0.8763020833333334 0.7851851851851852 0.0640625 0.1814814814814815
0 0.5864583333333333 0.7916666666666667 0.08125 0.20370370370370372
0 0.31536458333333334 0.525 0.10364583333333333 0.16296296296296298
0 0.20052083333333334 0.4814814814814815 0.084375 0.19444444444444445
0 0.12552083333333333 0.5328703703703704 0.0625 0.14722222222222223
0 0.10885416666666667 0.5930555555555556 0.06145833333333333 0.1287037037037037
0 0.09088541666666666 0.6662037037037037 0.0640625 0.11018518518518519
0 0.109375 0.7986111111111112 0.071875 0.10462962962962963
0 0.17708333333333334 0.8388888888888889 0.09895833333333333 0.10740740740740741
