0 0.47421874999999997 0.36342592592592593 0.06822916666666666 0.20092592592592592
0 0.6856770833333333 0.42962962962962964 0.0546875 0.17407407407407408
0 0.7395833333333334 0.375 0.06875 0.19444444444444445
0 0.8049479166666667 0.4625 0.08072916666666667 0.19722222222222224
0 0.8447916666666666 0.33101851851851855 0.071875 0.17500000000000002
0 0.7263020833333333 0.5416666666666667 0.0828125 0.20555555555555557
0 0.7669270833333334 0.7564814814814815 0.09739583333333333 0.1462962962962963
0 0.6682291666666667 0.6967592592592593 0.09375 0.19907407407407407
0 0.7020833333333333 0.8430555555555556 0.096875 0.09351851851851853
0 0.8481770833333333 0.8518518518518519 0.04635416666666667 0.07407407407407407
0 0.4674479166666667 0.49953703703703706 0.09114583333333333 0.18425925925925926
0 0.40546875 0.6430555555555556 0.0984375 0.19722222222222224
0 0.43255208333333334 0.7990740740740742 0.1015625 0.17222222222222222
0 0.321875 0.8268518518518518 0.11666666666666667 0.12407407407407407
0 0.30833333333333335 0.5717592592592593 0.07395833333333333 0.18055555555555555
0 0.2546875 0.5722222222222223 0.06770833333333333 0.1851851851851852
0 0.21666666666666667 0.4708333333333333 0.07291666666666667 0.18611111111111112
0 0.17265625 0.8421296296296297 0.08697916666666666 0.11388888888888889
0 0.10598958333333333 0.8212962962962963 0.07864583333333333 0.11481481481481481
0 0.10104166666666667 0.7236111111111111 0.071875 0.11388888888888889
0 0.09322916666666667 0.6444444444444445 0.06145833333333333 0.12037037037037038
0 0.10989583333333333 0.5837962962962964 0.0625 0.14351851851851852
0 0.12916666666666665 0.5287037037037037 0.059375 0.1537037037037037
