0 0.34348958333333335 0.25925925925925924 0.0640625 0.0925925925925926
0 0.7096354166666666 0.3199074074074074 0.07447916666666667 0.1564814814814815
0 0.5296875 0.3611111111111111 0.06979166666666667 0.15925925925925927
0 0.5888020833333333 0.44907407407407407 0.0984375 0.12037037037037038
0 0.6393229166666666 0.30972222222222223 0.0546875 0.15833333333333333
0 0.40989583333333335 0.4763888888888889 0.08020833333333333 0.1787037037037037
0 0.28151041666666665 0.47870370370370374 0.07760416666666667 0.17962962962962964
0 0.6072916666666667 0.2555555555555556 0.04375 0.08703703703703704
0 0.20781249999999998 0.5532407407407408 0.078125 0.19907407407407407
0 0.63515625 0.725925925925926 0.09322916666666667 0.17592592592592593
0 0.36015625 0.8486111111111111 0.10572916666666667 0.10833333333333334
0 0.24192708333333332 0.8444444444444444 0.11302083333333333 0.12592592592592594
0 0.7994791666666666 0.8328703703703704 0.06354166666666666 0.10833333333333334
0 0.8684895833333334 0.8592592592592593 0.07552083333333333 0.061111111111111116
