0 0.78671875 0.3027777777777778 0.0546875 0.17222222222222222
0 0.73515625 0.3037037037037037 0.059895833333333336 0.17222222222222222
0 0.5674479166666666 0.28240740740740744 0.09739583333333333 0.12037037037037038
0 0.4921875 0.25601851851851853 0.09791666666666667 0.09722222222222222
0 0.3966145833333333 0.3375 0.08072916666666667 0.19166666666666668
0 0.31744791666666666 0.2513888888888889 0.1109375 0.09537037037037037
0 0.29270833333333335 0.3925925925925926 0.08229166666666667 0.19444444444444445
0 0.1796875 0.2888888888888889 0.071875 0.17222222222222222
0 0.09505208333333333 0.46481481481481485 0.0765625 0.18888888888888888
0 0.10182291666666667 0.5907407407407408 0.0734375 0.1537037037037037
0 0.11197916666666667 0.7138888888888889 0.11875 0.17037037037037037
0 0.17630208333333333 0.8495370370370371 0.10989583333333333 0.09907407407407408
0 0.2799479166666667 0.7935185185185185 0.10260416666666666 0.1537037037037037
0 0.26848958333333334 0.6606481481481482 0.08072916666666667 0.1675925925925926
0 0.3072916666666667 0.5990740740740741 0.07395833333333333 0.17407407407407408
0 0.38255208333333335 0.700925925925926 0.09010416666666667 0.2
0 0.3580729166666667 0.8467592592592593 0.09010416666666667 0.09907407407407408
0 0.4942708333333333 0.8277777777777778 0.07708333333333334 0.13148148148148148
0 0.5015625 0.7148148148148148 0.09583333333333333 0.16296296296296298
0 0.5455729166666666 0.6592592592592593 0.09010416666666667 0.11666666666666667
0 0.6046875 0.700925925925926 0.07604166666666666 0.18888888888888888
0 0.5940104166666667 0.851388888888889 0.06197916666666667 0.07314814814814816
0 0.684375 0.8546296296296296 0.06354166666666666 0.07037037037037037
0 0.7091145833333333 0.7694444444444445 0.0765625 0.1537037037037037
0 0.7565104166666666 0.8564814814814815 0.05364583333333333 0.06481481481481481
0 0.8372395833333334 0.7689814814814815 0.06614583333333333 0.16018518518518518
0 0.8807291666666667 0.7041666666666667 0.065625 0.19907407407407407
0 0.79609375 0.5550925925925926 0.07239583333333333 0.18611111111111112
0 0.753125 0.4185185185185185 0.06458333333333333 0.17962962962962964
0 0.6807291666666666 0.25833333333333336 0.10208333333333333 0.09074074074074075
0 0.6755208333333333 0.36388888888888893 0.07604166666666666 0.1851851851851852
0 0.6057291666666667 0.5055555555555555 0.08541666666666667 0.16111111111111112
0 0.69765625 0.5995370370370371 0.0734375 0.18796296296296297
0 0.5041666666666667 0.42592592592592593 0.07291666666666667 0.16481481481481483
0 0.46067708333333335 0.5509259259259259 0.058854166666666666 0.19444444444444445
0 0.5075520833333333 0.5657407407407408 0.0734375 0.1814814814814815
0 0.41328125 0.5287037037037037 0.07760416666666667 0.16666666666666669
