0 0.4375 0.28240740740740744 0.09791666666666667 0.16666666666666669
0 0.66640625 0.44907407407407407 0.10885416666666667 0.17407407407407408
0 0.7955729166666666 0.3800925925925926 0.0703125 0.16574074074074074
0 0.7255208333333333 0.3 0.06979166666666667 0.17407407407407408
0 0.7895833333333333 0.26296296296296295 0.05520833333333333 0.11111111111111112
0 0.13619791666666667 0.46342592592592596 0.0703125 0.18425925925925926
0 0.32708333333333334 0.6976851851851852 0.08333333333333333 0.2138888888888889
0 0.225 0.6787037037037037 0.08541666666666667 0.19074074074074074
0 0.08854166666666667 0.6949074074074074 0.06145833333333333 0.16574074074074074
0 0.11380208333333333 0.7685185185185186 0.0703125 0.18333333333333335
0 0.10520833333333333 0.8833333333333334 0.10208333333333333 0.1277777777777778
0 0.7716145833333333 0.825462962962963 0.10781249999999999 0.13425925925925927
0 0.3494791666666667 0.25277777777777777 0.04895833333333333 0.07777777777777778
0 0.23723958333333334 0.2476851851851852 0.0859375 0.09907407407407408
