0 0.8447916666666666 0.28611111111111115 0.09583333333333333 0.1462962962962963
0 0.4669270833333333 0.29583333333333334 0.059895833333333336 0.16944444444444445
0 0.5140625 0.2657407407407408 0.06458333333333333 0.11851851851851852
0 0.40572916666666664 0.34861111111111115 0.09270833333333334 0.16018518518518518
0 0.30833333333333335 0.3106481481481482 0.10208333333333333 0.13055555555555556
0 0.26015625 0.23935185185185187 0.04739583333333333 0.08240740740740742
0 0.17526041666666667 0.2888888888888889 0.06927083333333334 0.15555555555555556
0 0.20390624999999998 0.47824074074074074 0.0796875 0.1824074074074074
0 0.30703125 0.5277777777777778 0.09322916666666667 0.14814814814814814
0 0.39609375 0.5939814814814816 0.0828125 0.2064814814814815
0 0.4609375 0.6064814814814815 0.06354166666666666 0.20185185185185187
0 0.65390625 0.5458333333333334 0.11197916666666667 0.21574074074074076
0 0.7614583333333333 0.45740740740740743 0.090625 0.1925925925925926
0 0.84140625 0.4481481481481482 0.08802083333333333 0.1925925925925926
0 0.20963541666666666 0.6550925925925927 0.08177083333333333 0.20833333333333334
0 0.8822916666666667 0.812962962962963 0.09375 0.1574074074074074
0 0.8359375 0.8097222222222222 0.08229166666666667 0.14907407407407408
0 0.7677083333333333 0.8375 0.071875 0.12685185185185185
0 0.1 0.5449074074074074 0.058333333333333334 0.13796296296296298
0 0.14010416666666667 0.5291666666666667 0.052083333333333336 0.16018518518518518
0 0.10078125 0.8018518518518519 0.0671875 0.11666666666666667
0 0.10130208333333333 0.6842592592592592 0.05677083333333333 0.11296296296296297
0 0.14609375 0.7925925925925926 0.044270833333333336 0.1388888888888889
