0 0.3932291666666667 0.25787037037037036 0.04583333333333333 0.08240740740740742
0 0.5760416666666667 0.28240740740740744 0.06770833333333333 0.13703703703703704
0 0.6380208333333334 0.39722222222222225 0.06875 0.16666666666666669
0 0.6973958333333333 0.375 0.06354166666666666 0.1685185185185185
0 0.76015625 0.40046296296296297 0.05677083333333333 0.17314814814814816
0 0.88125 0.4412037037037037 0.05520833333333333 0.18796296296296297
0 0.7455729166666667 0.2939814814814815 0.08072916666666667 0.10648148148148148
0 0.6690104166666666 0.2652777777777778 0.0515625 0.10833333333333334
0 0.28619791666666666 0.8481481481481482 0.09947916666666666 0.0925925925925926
0 0.21744791666666666 0.8342592592592593 0.07447916666666667 0.10740740740740741
0 0.3416666666666667 0.7814814814814816 0.08854166666666667 0.16666666666666669
0 0.4752604166666667 0.8291666666666667 0.06510416666666667 0.13796296296296298
0 0.5330729166666667 0.8101851851851852 0.05677083333333333 0.15
0 0.6216145833333333 0.8476851851851852 0.0640625 0.09722222222222222
