0 0.49374999999999997 0.2800925925925926 0.09895833333333333 0.15092592592592594
0 0.4223958333333333 0.26342592592592595 0.06979166666666667 0.13055555555555556
0 0.39036458333333335 0.37592592592592594 0.09739583333333333 0.1851851851851852
0 0.6932291666666667 0.4291666666666667 0.08125 0.18611111111111112
0 0.8114583333333333 0.45416666666666666 0.08125 0.19351851851851853
0 0.88125 0.32592592592592595 0.07083333333333333 0.16481481481481483
0 0.6763020833333333 0.600462962962963 0.08802083333333333 0.18981481481481483
0 0.87890625 0.7513888888888889 0.0703125 0.14537037037037037
0 0.6854166666666667 0.8523148148148149 0.04895833333333333 0.07314814814814816
0 0.8440104166666667 0.8416666666666667 0.08802083333333333 0.1
0 0.29765625 0.8416666666666667 0.09739583333333333 0.11111111111111112
0 0.33359375 0.6375000000000001 0.09427083333333333 0.16574074074074074
0 0.28098958333333335 0.5574074074074075 0.08385416666666666 0.1685185185185185
0 0.22109375 0.47314814814814815 0.07239583333333333 0.19074074074074074
0 0.1265625 0.5199074074074074 0.06041666666666667 0.14351851851851852
0 0.10520833333333333 0.6050925925925926 0.06354166666666666 0.13796296296296298
0 0.09791666666666667 0.6708333333333334 0.06770833333333333 0.10462962962962963
0 0.10885416666666667 0.7833333333333333 0.06875 0.0962962962962963
0 0.21979166666666666 0.825925925925926 0.08125 0.12592592592592594
0 0.16484375 0.8532407407407407 0.05364583333333333 0.0712962962962963
