0 0.2526041666666667 0.4115740740740741 0.08333333333333333 0.18796296296296297
0 0.3502604166666667 0.45972222222222225 0.07447916666666667 0.1712962962962963
0 0.39947916666666666 0.3837962962962963 0.08958333333333333 0.17314814814814816
0 0.5596354166666666 0.3263888888888889 0.10364583333333333 0.10648148148148148
0 0.7432291666666666 0.36574074074074076 0.08541666666666667 0.16666666666666669
0 0.5861979166666667 0.6685185185185185 0.0828125 0.20740740740740743
0 0.528125 0.787962962962963 0.07708333333333334 0.17962962962962964
0 0.4622395833333333 0.763888888888889 0.0796875 0.1851851851851852
0 0.21796875 0.8356481481481481 0.07864583333333333 0.09537037037037037
0 0.7140625 0.8365740740740741 0.09895833333333333 0.11203703703703705
0 0.80625 0.8375 0.10416666666666667 0.1175925925925926
0 0.8674479166666667 0.8194444444444445 0.059895833333333336 0.09444444444444444
