0 0.54375 0.24212962962962964 0.07395833333333333 0.09722222222222222
0 0.5442708333333334 0.34444444444444444 0.0625 0.13703703703703704
0 0.475 0.35324074074074074 0.07916666666666666 0.16944444444444445
0 0.42604166666666665 0.27592592592592596 0.06458333333333333 0.11666666666666667
0 0.396875 0.38287037037037036 0.07291666666666667 0.14537037037037037
0 0.1734375 0.2611111111111111 0.05520833333333333 0.10740740740740741
0 0.11302083333333333 0.31527777777777777 0.053125 0.15833333333333333
0 0.23645833333333333 0.49953703703703706 0.078125 0.17500000000000002
0 0.31015625 0.6268518518518519 0.1046875 0.15185185185185185
0 0.36692708333333335 0.5050925925925926 0.07447916666666667 0.15833333333333333
0 0.41302083333333334 0.5884259259259259 0.090625 0.17500000000000002
0 0.4809895833333333 0.6518518518518519 0.07760416666666667 0.19444444444444445
0 0.6546875 0.40925925925925927 0.071875 0.17222222222222222
0 0.6979166666666666 0.3421296296296296 0.0875 0.13240740740740742
0 0.78984375 0.2726851851851852 0.0796875 0.1175925925925926
0 0.8286458333333333 0.37592592592592594 0.06354166666666666 0.17777777777777778
0 0.7731770833333333 0.40370370370370373 0.06302083333333333 0.1814814814814815
0 0.7791666666666667 0.576388888888889 0.06666666666666667 0.1824074074074074
0 0.87890625 0.5444444444444445 0.049479166666666664 0.11666666666666667
0 0.91875 0.6240740740740741 0.07916666666666666 0.14074074074074075
0 0.9184895833333333 0.7990740740740742 0.0734375 0.1814814814814815
0 0.8950520833333333 0.7046296296296296 0.07552083333333333 0.09814814814814815
0 0.8442708333333333 0.8425925925925927 0.075 0.10925925925925926
0 0.6760416666666667 0.7324074074074074 0.078125 0.1425925925925926
0 0.63671875 0.8050925925925926 0.09010416666666667 0.10462962962962963
0 0.5609375 0.7773148148148148 0.09270833333333334 0.14907407407407408
0 0.44635416666666666 0.8324074074074075 0.10520833333333333 0.11851851851851852
0 0.3802083333333333 0.8314814814814815 0.06145833333333333 0.11666666666666667
0 0.2669270833333333 0.8467592592592593 0.10677083333333333 0.11388888888888889
0 0.28411458333333334 0.7648148148148148 0.06302083333333333 0.07962962962962963
0 0.33828125 0.8305555555555556 0.06197916666666667 0.10370370370370371
0 0.08776041666666666 0.44722222222222224 0.059895833333333336 0.17592592592592593
0 0.09453125 0.8152777777777778 0.058854166666666666 0.10648148148148148
0 0.0546875 0.6467592592592593 0.05625 0.19907407407407407
0 0.12343749999999999 0.675462962962963 0.05520833333333333 0.14722222222222223
0 0.7065104166666667 0.8180555555555555 0.09114583333333333 0.13055555555555556
