0 0.61484375 0.3060185185185185 0.05677083333333333 0.16203703703703703
0 0.6953125 0.4361111111111111 0.109375 0.17962962962962964
0 0.78359375 0.4810185185185185 0.0734375 0.20092592592592592
0 0.8161458333333333 0.5810185185185185 0.07708333333333334 0.1712962962962963
0 0.7578125 0.6273148148148149 0.0875 0.15462962962962964
0 0.7109375 0.6870370370370371 0.12395833333333334 0.16111111111111112
0 0.68828125 0.8013888888888889 0.10677083333333333 0.14907407407407408
0 0.87109375 0.7828703703703704 0.09010416666666667 0.14351851851851852
0 0.7893229166666667 0.8449074074074074 0.10989583333333333 0.10462962962962963
0 0.48020833333333335 0.8365740740740741 0.065625 0.10648148148148148
0 0.40729166666666666 0.8365740740740741 0.09791666666666667 0.10648148148148148
0 0.21302083333333333 0.8328703703703704 0.06666666666666667 0.10462962962962963
0 0.14635416666666667 0.8333333333333334 0.090625 0.15
0 0.44921875 0.625 0.0734375 0.21851851851851853
0 0.4122395833333333 0.5148148148148148 0.0765625 0.22222222222222224
