0 0.6083333333333333 0.27222222222222225 0.10208333333333333 0.10925925925925926
0 0.69375 0.4138888888888889 0.07604166666666666 0.18888888888888888
0 0.8091145833333333 0.47222222222222227 0.09114583333333333 0.20370370370370372
0 0.3091145833333333 0.5324074074074074 0.0734375 0.17592592592592593
0 0.2328125 0.4740740740740741 0.06666666666666667 0.18888888888888888
0 0.2 0.5472222222222223 0.071875 0.16666666666666669
0 0.12890625 0.525 0.0546875 0.11851851851851852
0 0.10859375 0.5712962962962963 0.057812499999999996 0.12407407407407407
0 0.096875 0.6592592592592593 0.059375 0.1685185185185185
0 0.10494791666666667 0.8037037037037037 0.08072916666666667 0.10185185185185186
0 0.22421875 0.8152777777777778 0.07239583333333333 0.1398148148148148
0 0.15859375 0.8537037037037037 0.07135416666666666 0.07037037037037037
0 0.4356770833333333 0.8203703703703704 0.11614583333333334 0.14444444444444446
0 0.15104166666666666 0.6842592592592592 0.0625 0.14814814814814814
0 0.821875 0.7472222222222222 0.08645833333333333 0.17222222222222222
0 0.8859374999999999 0.8069444444444445 0.06041666666666667 0.14537037037037037
0 0.7440104166666667 0.7763888888888889 0.07760416666666667 0.16574074074074074
0 0.7419270833333333 0.8518518518518519 0.04739583333333333 0.07407407407407407
0 0.6924479166666666 0.8606481481481482 0.034895833333333334 0.049074074074074076
