0 0.6455729166666666 0.2712962962962963 0.07135416666666666 0.12962962962962962
0 0.8723958333333334 0.3180555555555556 0.06770833333333333 0.16203703703703703
0 0.75546875 0.36388888888888893 0.10364583333333333 0.15185185185185185
0 0.7963541666666667 0.4671296296296297 0.06770833333333333 0.20277777777777778
0 0.6778645833333333 0.3944444444444445 0.07447916666666667 0.16296296296296298
0 0.6411458333333333 0.4708333333333333 0.09375 0.1527777777777778
0 0.8497395833333333 0.637962962962963 0.09010416666666667 0.21296296296296297
0 0.4244791666666667 0.5087962962962963 0.08229166666666667 0.21944444444444444
0 0.3411458333333333 0.4115740740740741 0.109375 0.1787037037037037
0 0.26015625 0.4138888888888889 0.09322916666666667 0.20925925925925926
0 0.21354166666666666 0.4652777777777778 0.0875 0.19722222222222224
0 0.31223958333333335 0.5981481481481482 0.08802083333333333 0.1814814814814815
0 0.24947916666666667 0.6976851851851852 0.08229166666666667 0.20833333333333334
0 0.128125 0.5055555555555555 0.05416666666666667 0.1425925925925926
0 0.11171874999999999 0.5736111111111112 0.06614583333333333 0.12685185185185185
0 0.09583333333333333 0.6694444444444445 0.06875 0.12962962962962962
0 0.10781249999999999 0.8032407407407408 0.065625 0.09537037037037037
0 0.14973958333333334 0.712962962962963 0.05364583333333333 0.10925925925925926
0 0.17708333333333334 0.8333333333333334 0.07916666666666666 0.10185185185185186
0 0.30234375 0.8300925925925926 0.0890625 0.12314814814814816
0 0.6119791666666666 0.8407407407407408 0.11041666666666666 0.08333333333333334
0 0.69375 0.8495370370370371 0.04895833333333333 0.07685185185185185
0 0.7919270833333333 0.7791666666666667 0.07760416666666667 0.1527777777777778
0 0.8411458333333334 0.8476851851851852 0.04791666666666666 0.08425925925925926
