0 0.8424479166666666 0.3027777777777778 0.09010416666666667 0.1814814814814815
0 0.6934895833333333 0.33194444444444443 0.0796875 0.18055555555555555
0 0.4552083333333333 0.24444444444444446 0.07291666666666667 0.08148148148148149
0 0.21458333333333332 0.4388888888888889 0.08020833333333333 0.20555555555555557
0 0.4692708333333333 0.45972222222222225 0.08020833333333333 0.18055555555555555
0 0.4609375 0.5972222222222222 0.09479166666666666 0.1574074074074074
0 0.7182291666666667 0.5430555555555556 0.08854166666666667 0.1787037037037037
0 0.8653645833333333 0.5606481481481481 0.08177083333333333 0.1712962962962963
0 0.8265625 0.6587962962962963 0.08020833333333333 0.16203703703703703
0 0.78125 0.7430555555555556 0.07708333333333334 0.14351851851851852
0 0.8721354166666666 0.8027777777777778 0.06927083333333334 0.16111111111111112
0 0.35625 0.8185185185185185 0.13125 0.11851851851851852
0 0.06614583333333333 0.6925925925925926 0.08125 0.18888888888888888
0 0.13619791666666667 0.6726851851851852 0.0609375 0.1638888888888889
0 0.16380208333333332 0.8060185185185186 0.0671875 0.14907407407407408
0 0.10625 0.7759259259259259 0.058333333333333334 0.1851851851851852
0 0.10052083333333334 0.888888888888889 0.096875 0.12037037037037038
0 0.5330729166666667 0.26481481481481484 0.0515625 0.10185185185185186
