0 0.6307291666666667 0.2569444444444445 0.06041666666666667 0.08055555555555556
0 0.35052083333333334 0.375462962962963 0.08854166666666667 0.1712962962962963
0 0.25104166666666666 0.312962962962963 0.09791666666666667 0.12962962962962962
0 0.18567708333333333 0.37453703703703706 0.08697916666666666 0.16574074074074074
0 0.6369791666666667 0.6375000000000001 0.11458333333333333 0.14907407407407408
0 0.7302083333333333 0.6217592592592592 0.08020833333333333 0.18796296296296297
0 0.8703124999999999 0.8217592592592593 0.08125 0.11388888888888889
0 0.7841145833333333 0.8453703703703704 0.0546875 0.10185185185185186
0 0.6908854166666667 0.8532407407407407 0.05364583333333333 0.08611111111111111
0 0.38359375 0.8532407407407407 0.0453125 0.06018518518518519
0 0.1453125 0.8337962962962964 0.10520833333333333 0.10648148148148148
0 0.28098958333333335 0.8462962962962963 0.09947916666666666 0.08333333333333334
