0 0.5260416666666666 0.2439814814814815 0.057291666666666664 0.0638888888888889
0 0.69453125 0.24675925925925926 0.04739583333333333 0.06944444444444445
0 0.7630208333333334 0.4416666666666667 0.06666666666666667 0.1962962962962963
0 0.8627604166666667 0.5430555555555556 0.08072916666666667 0.21944444444444444
0 0.83828125 0.6916666666666667 0.08177083333333333 0.1962962962962963
0 0.6591145833333333 0.7083333333333334 0.10677083333333333 0.20185185185185187
0 0.459375 0.6143518518518519 0.08125 0.19351851851851853
0 0.8908854166666667 0.8046296296296297 0.06197916666666667 0.16481481481481483
0 0.7703125 0.8407407407407408 0.08229166666666667 0.09814814814814815
0 0.35052083333333334 0.5736111111111112 0.08020833333333333 0.19351851851851853
0 0.31197916666666664 0.512962962962963 0.084375 0.14074074074074075
0 0.3997395833333333 0.4175925925925926 0.08177083333333333 0.17962962962962964
0 0.40963541666666664 0.3282407407407408 0.0796875 0.14907407407407408
0 0.3377604166666667 0.3402777777777778 0.09427083333333333 0.1638888888888889
0 0.1921875 0.31666666666666665 0.0875 0.12592592592592594
0 0.19817708333333334 0.46574074074074073 0.09114583333333333 0.17222222222222222
0 0.21484375 0.5995370370370371 0.1109375 0.13611111111111113
0 0.09505208333333333 0.5166666666666667 0.06614583333333333 0.13518518518518519
0 0.10416666666666667 0.7939814814814815 0.07708333333333334 0.1175925925925926
0 0.1015625 0.6972222222222223 0.06145833333333333 0.10740740740740741
