0 0.5471354166666667 0.2490740740740741 0.04739583333333333 0.07222222222222223
0 0.6020833333333333 0.2537037037037037 0.0625 0.08333333333333334
0 0.5932291666666667 0.3560185185185185 0.05625 0.1638888888888889
0 0.6486979166666667 0.33287037037037037 0.05260416666666667 0.17314814814814816
0 0.6994791666666667 0.3490740740740741 0.07083333333333333 0.1462962962962963
0 0.7033854166666667 0.4962962962962963 0.08802083333333333 0.17222222222222222
0 0.51015625 0.4861111111111111 0.06822916666666666 0.17592592592592593
0 0.58203125 0.5282407407407408 0.10052083333333334 0.11203703703703705
0 0.4940104166666667 0.6657407407407407 0.0890625 0.1574074074074074
0 0.45677083333333335 0.7949074074074074 0.09270833333333334 0.18055555555555555
0 0.371875 0.825925925925926 0.078125 0.12592592592592594
0 0.6239583333333333 0.8490740740740741 0.11145833333333333 0.0962962962962963
0 0.7447916666666666 0.8402777777777778 0.09479166666666666 0.11388888888888889
0 0.19505208333333332 0.8444444444444444 0.06822916666666666 0.10555555555555556
0 0.84453125 0.8458333333333333 0.0515625 0.0712962962962963
