0 0.3364583333333333 0.2865740740740741 0.065625 0.16944444444444445
0 0.87890625 0.5444444444444445 0.0609375 0.2
0 0.76796875 0.5583333333333333 0.07135416666666666 0.19074074074074074
0 0.7184895833333333 0.6356481481481482 0.08385416666666666 0.19722222222222224
0 0.40208333333333335 0.5740740740740741 0.075 0.1851851851851852
0 0.5388020833333333 0.7092592592592593 0.09010416666666667 0.19444444444444445
0 0.34088541666666666 0.7296296296296296 0.0796875 0.19444444444444445
0 0.13671875 0.6856481481481482 0.06927083333333334 0.17500000000000002
0 0.075 0.7337962962962963 0.06145833333333333 0.14537037037037037
0 0.09505208333333333 0.8837962962962963 0.09635416666666667 0.11944444444444445
0 0.21458333333333332 0.837037037037037 0.06354166666666666 0.11111111111111112
0 0.2515625 0.7773148148148148 0.07291666666666667 0.13055555555555556
0 0.42421875 0.8398148148148148 0.05677083333333333 0.07962962962962963
0 0.6388020833333333 0.8356481481481481 0.05572916666666666 0.10462962962962963
0 0.7169270833333333 0.8138888888888889 0.06510416666666667 0.12962962962962962
0 0.8359375 0.8342592592592593 0.04583333333333333 0.0962962962962963
