0 0.37578125 0.4486111111111111 0.09114583333333333 0.20462962962962963
0 0.53671875 0.33611111111111114 0.07760416666666667 0.17592592592592593
0 0.6364583333333333 0.3027777777777778 0.06979166666666667 0.14444444444444446
0 0.7263020833333333 0.39305555555555555 0.09322916666666667 0.14907407407407408
0 0.74453125 0.3013888888888889 0.09739583333333333 0.10092592592592593
0 0.8106770833333333 0.6143518518518519 0.0765625 0.18981481481481483
0 0.28229166666666666 0.7486111111111111 0.07083333333333333 0.16203703703703703
0 0.22447916666666667 0.8388888888888889 0.0625 0.10185185185185186
0 0.14453125 0.8606481481481482 0.10260416666666666 0.10277777777777779
0 0.31875 0.8203703703703704 0.07604166666666666 0.12407407407407407
0 0.41171874999999997 0.8236111111111112 0.059895833333333336 0.1175925925925926
0 0.28020833333333334 0.8375 0.09166666666666666 0.08611111111111111
0 0.5921875 0.8347222222222223 0.04791666666666666 0.10833333333333334
0 0.6598958333333333 0.8425925925925927 0.0875 0.11296296296296297
0 0.8106770833333333 0.8537037037037037 0.09739583333333333 0.08148148148148149
