0 0.71796875 0.31342592592592594 0.09322916666666667 0.18055555555555555
0 0.6489583333333333 0.24814814814814815 0.090625 0.07037037037037037
0 0.18567708333333333 0.24537037037037038 0.09010416666666667 0.06666666666666667
0 0.4002604166666667 0.6319444444444444 0.0859375 0.20833333333333334
0 0.19192708333333333 0.6175925925925926 0.0890625 0.18888888888888888
0 0.34088541666666666 0.8222222222222223 0.11927083333333333 0.1388888888888889
0 0.7549479166666666 0.8013888888888889 0.09322916666666667 0.15833333333333333
0 0.6588541666666666 0.8430555555555556 0.0625 0.11018518518518519
0 0.60390625 0.8560185185185185 0.0421875 0.0638888888888889
0 0.7041666666666666 0.8527777777777779 0.034375 0.07037037037037037
