0 0.5393229166666667 0.3513888888888889 0.057812499999999996 0.1787037037037037
0 0.6161458333333333 0.32083333333333336 0.06979166666666667 0.14537037037037037
0 0.6859375 0.31574074074074077 0.07083333333333333 0.14444444444444446
0 0.7388020833333333 0.3597222222222222 0.06510416666666667 0.16574074074074074
0 0.71015625 0.25092592592592594 0.0546875 0.06481481481481481
0 0.6557291666666667 0.24583333333333335 0.040625 0.04722222222222222
0 0.44088541666666664 0.3736111111111111 0.07552083333333333 0.14907407407407408
0 0.37473958333333335 0.3148148148148148 0.0640625 0.14814814814814814
0 0.38515625 0.4361111111111111 0.0828125 0.17037037037037037
0 0.2515625 0.5425925925925926 0.08125 0.1851851851851852
0 0.1875 0.587962962962963 0.07291666666666667 0.17777777777777778
0 0.42578125 0.6481481481481481 0.08177083333333333 0.19444444444444445
0 0.2869791666666667 0.7912037037037037 0.08020833333333333 0.17500000000000002
0 0.24322916666666666 0.8430555555555556 0.04479166666666667 0.08425925925925926
0 0.3770833333333333 0.8388888888888889 0.05625 0.09814814814814815
0 0.43463541666666666 0.8226851851851852 0.05572916666666666 0.13055555555555556
0 0.4901041666666667 0.7921296296296296 0.07291666666666667 0.19351851851851853
0 0.5971354166666667 0.8375 0.09635416666666667 0.11018518518518519
0 0.7927083333333333 0.8444444444444444 0.10208333333333333 0.10370370370370371
0 0.8559895833333333 0.8138888888888889 0.0546875 0.12222222222222223
