0 0.41796875 0.3236111111111111 0.12343749999999999 0.12685185185185185
0 0.66640625 0.4101851851851852 0.07239583333333333 0.17592592592592593
0 0.7223958333333333 0.33333333333333337 0.08645833333333333 0.17407407407407408
0 0.8127604166666667 0.4759259259259259 0.0890625 0.20370370370370372
0 0.3140625 0.49583333333333335 0.08854166666666667 0.17685185185185187
0 0.22708333333333333 0.487962962962963 0.07291666666666667 0.17407407407407408
0 0.20546875 0.4 0.10989583333333333 0.16111111111111112
0 0.11953124999999999 0.42453703703703705 0.08697916666666666 0.13796296296296298
0 0.1375 0.5143518518518518 0.058333333333333334 0.1287037037037037
0 0.24947916666666667 0.7032407407407407 0.11458333333333333 0.18425925925925926
0 0.0890625 0.6587962962962963 0.059375 0.12685185185185185
0 0.11223958333333334 0.5902777777777778 0.0546875 0.14166666666666666
0 0.11223958333333334 0.7444444444444445 0.0703125 0.08518518518518518
0 0.10520833333333333 0.8152777777777778 0.07395833333333333 0.10277777777777779
0 0.23046875 0.8310185185185186 0.0546875 0.1175925925925926
0 0.3848958333333333 0.8412037037037038 0.09479166666666666 0.08425925925925926
0 0.47031249999999997 0.8476851851851852 0.08645833333333333 0.10092592592592593
0 0.7723958333333333 0.8 0.08854166666666667 0.14074074074074075
0 0.71640625 0.8365740740740741 0.06197916666666667 0.09166666666666667
0 0.6776041666666667 0.8555555555555556 0.03125 0.05555555555555556
