0 0.21145833333333333 0.2611111111111111 0.0625 0.11481481481481481
0 0.46380208333333334 0.3180555555555556 0.0671875 0.17500000000000002
0 0.40703125 0.44537037037037036 0.08697916666666666 0.1851851851851852
0 0.33541666666666664 0.49583333333333335 0.07395833333333333 0.15833333333333333
0 0.609375 0.29953703703703705 0.04791666666666666 0.1398148148148148
0 0.6575520833333334 0.28611111111111115 0.059895833333333336 0.12222222222222223
0 0.7481770833333333 0.31712962962962965 0.07447916666666667 0.14537037037037037
0 0.7114583333333333 0.2833333333333333 0.04895833333333333 0.12962962962962962
0 0.5979166666666667 0.6597222222222222 0.08541666666666667 0.19166666666666668
0 0.6203125 0.8347222222222223 0.059375 0.09722222222222222
0 0.7002604166666666 0.8532407407407407 0.0890625 0.0712962962962963
0 0.821875 0.85 0.05416666666666667 0.08888888888888889
0 0.16979166666666667 0.8356481481481481 0.109375 0.10648148148148148
