0 0.26171875 0.35833333333333334 0.07447916666666667 0.18888888888888888
0 0.45468749999999997 0.3662037037037037 0.078125 0.18611111111111112
0 0.5135416666666667 0.2865740740740741 0.059375 0.16018518518518518
0 0.5528645833333333 0.43333333333333335 0.08385416666666666 0.17037037037037037
0 0.5765625 0.2916666666666667 0.06145833333333333 0.15
0 0.6158854166666666 0.25 0.0484375 0.10185185185185186
0 0.640625 0.34074074074074073 0.06145833333333333 0.17592592592592593
0 0.7421875 0.44953703703703707 0.1 0.21203703703703705
0 0.6734375 0.48333333333333334 0.10416666666666667 0.1814814814814815
0 0.7 0.6393518518518518 0.10520833333333333 0.1398148148148148
0 0.7002604166666666 0.7435185185185186 0.09739583333333333 0.12962962962962962
0 0.6971354166666667 0.8277777777777778 0.11197916666666667 0.11296296296296297
0 0.8442708333333333 0.8402777777777778 0.10416666666666667 0.12314814814814816
0 0.4005208333333333 0.8398148148148148 0.10416666666666667 0.11296296296296297
0 0.16354166666666667 0.8319444444444445 0.07916666666666666 0.1212962962962963
0 0.21796875 0.8328703703703704 0.049479166666666664 0.10092592592592593
