0 0.7442708333333333 0.2675925925925926 0.13020833333333334 0.1388888888888889
0 0.7716145833333333 0.4601851851851852 0.08072916666666667 0.17962962962962964
0 0.50078125 0.4518518518518519 0.09010416666666667 0.17222222222222222
0 0.4583333333333333 0.32731481481481484 0.06666666666666667 0.17500000000000002
0 0.403125 0.3300925925925926 0.06770833333333333 0.1638888888888889
0 0.36171875 0.41574074074074074 0.0734375 0.20370370370370372
0 0.31197916666666664 0.5342592592592593 0.08333333333333333 0.1462962962962963
0 0.4557291666666667 0.6138888888888889 0.06770833333333333 0.18888888888888888
0 0.8708333333333333 0.6865740740740741 0.07604166666666666 0.1787037037037037
0 0.8190104166666666 0.7666666666666667 0.0796875 0.19074074074074074
0 0.6052083333333333 0.7870370370370371 0.084375 0.18703703703703706
0 0.2755208333333333 0.8185185185185185 0.07395833333333333 0.11111111111111112
0 0.1828125 0.8175925925925926 0.08333333333333333 0.1388888888888889
0 0.10859375 0.8050925925925926 0.07239583333333333 0.10833333333333334
0 0.10208333333333333 0.6444444444444445 0.065625 0.10740740740740741
0 0.12395833333333334 0.500925925925926 0.059375 0.11666666666666667
0 0.10885416666666667 0.5722222222222223 0.057291666666666664 0.10740740740740741
0 0.11015625 0.725 0.06614583333333333 0.09814814814814815
0 0.19583333333333333 0.47962962962962963 0.08854166666666667 0.20925925925925926
0 0.37213541666666666 0.24212962962962964 0.05572916666666666 0.062037037037037036
