0 0.4125 0.2569444444444445 0.059375 0.1175925925925926
0 0.45598958333333334 0.28194444444444444 0.05677083333333333 0.14537037037037037
0 0.49166666666666664 0.24351851851851852 0.0375 0.06481481481481481
0 0.58515625 0.24027777777777778 0.06302083333333333 0.05462962962962963
0 0.7020833333333333 0.27731481481481485 0.05416666666666667 0.12685185185185185
0 0.8513020833333333 0.24537037037037038 0.04635416666666667 0.06666666666666667
0 0.3346354166666667 0.5875 0.1015625 0.15833333333333333
0 0.08619791666666667 0.6810185185185186 0.05677083333333333 0.1675925925925926
0 0.09479166666666666 0.8828703703703704 0.09479166666666666 0.1212962962962963
0 0.14609375 0.8527777777777779 0.06197916666666667 0.08333333333333334
0 0.21848958333333332 0.8402777777777778 0.08177083333333333 0.09722222222222222
0 0.34765625 0.8324074074074075 0.09739583333333333 0.10185185185185186
0 0.6026041666666666 0.8523148148148149 0.09479166666666666 0.06944444444444445
0 0.81640625 0.8481481481481482 0.08072916666666667 0.08333333333333334
0 0.15208333333333332 0.6574074074074074 0.059375 0.11111111111111112
