0 0.3171875 0.24675925925925926 0.12083333333333333 0.10648148148148148
0 0.91953125 0.3995370370370371 0.0734375 0.21944444444444444
0 0.18255208333333334 0.28935185185185186 0.06822916666666666 0.15462962962962964
0 0.2877604166666667 0.3861111111111111 0.07135416666666666 0.1962962962962963
0 0.40859375 0.32685185185185184 0.07447916666666667 0.17037037037037037
0 0.48463541666666665 0.2388888888888889 0.03697916666666667 0.0462962962962963
0 0.6364583333333333 0.27592592592592596 0.05416666666666667 0.12962962962962962
0 0.6635416666666667 0.25787037037037036 0.053125 0.10648148148148148
0 0.6768229166666666 0.3666666666666667 0.06822916666666666 0.17592592592592593
0 0.7817708333333333 0.32037037037037036 0.06041666666666667 0.16296296296296298
0 0.7471354166666666 0.2657407407407408 0.06822916666666666 0.1
0 0.79765625 0.5509259259259259 0.07552083333333333 0.1962962962962963
0 0.6979166666666666 0.612037037037037 0.07395833333333333 0.19074074074074074
0 0.6138020833333333 0.500462962962963 0.0890625 0.14907407407407408
0 0.5005208333333333 0.4328703703703704 0.06979166666666667 0.18796296296296297
0 0.42161458333333335 0.5342592592592593 0.06822916666666666 0.15185185185185185
0 0.36354166666666665 0.48055555555555557 0.07083333333333333 0.17592592592592593
0 0.49322916666666666 0.5837962962962964 0.06145833333333333 0.17500000000000002
0 0.09739583333333333 0.47824074074074074 0.06041666666666667 0.16203703703703703
0 0.10338541666666666 0.5925925925925926 0.049479166666666664 0.12222222222222223
0 0.11380208333333333 0.7175925925925927 0.06197916666666667 0.1388888888888889
0 0.271875 0.6782407407407408 0.08229166666666667 0.1638888888888889
0 0.303125 0.5921296296296297 0.06875 0.17314814814814816
0 0.3893229166666667 0.7018518518518518 0.0953125 0.19074074074074074
0 0.55078125 0.6736111111111112 0.10781249999999999 0.13425925925925927
0 0.60703125 0.6046296296296296 0.09322916666666667 0.16296296296296298
0 0.60625 0.7037037037037037 0.06145833333333333 0.1574074074074074
0 0.6921875 0.7620370370370371 0.08333333333333333 0.17592592592592593
0 0.8388020833333333 0.7699074074074075 0.07239583333333333 0.18981481481481483
0 0.7825520833333334 0.8023148148148148 0.0546875 0.1175925925925926
0 0.75234375 0.8532407407407407 0.10885416666666667 0.09907407407407408
0 0.5903645833333333 0.8560185185185185 0.06197916666666667 0.08611111111111111
0 0.496875 0.825925925925926 0.08229166666666667 0.13148148148148148
0 0.35703125 0.8407407407407408 0.1046875 0.10740740740740741
0 0.25078125 0.8430555555555556 0.06510416666666667 0.09166666666666667
0 0.6817708333333333 0.8615740740740742 0.046875 0.06574074074074074
