0 0.3684895833333333 0.3277777777777778 0.08072916666666667 0.16481481481481483
0 0.5364583333333334 0.300462962962963 0.0625 0.1638888888888889
0 0.5893229166666667 0.4 0.0765625 0.17962962962962964
0 0.6440104166666667 0.4425925925925926 0.0703125 0.17037037037037037
0 0.6403645833333333 0.2740740740740741 0.06927083333333334 0.12592592592592594
0 0.5942708333333333 0.28101851851851856 0.041666666666666664 0.13425925925925927
0 0.6075520833333333 0.6425925925925926 0.10260416666666666 0.19444444444444445
0 0.7729166666666667 0.8347222222222223 0.08333333333333333 0.12314814814814816
0 0.8614583333333333 0.8319444444444445 0.078125 0.125
0 0.5044270833333333 0.8384259259259259 0.10364583333333333 0.10092592592592593
0 0.39557291666666666 0.8231481481481482 0.05572916666666666 0.12222222222222223
0 0.3169270833333333 0.8240740740740741 0.11197916666666667 0.12037037037037038
0 0.225 0.8300925925925926 0.06666666666666667 0.1175925925925926
0 0.16536458333333334 0.825462962962963 0.08072916666666667 0.12314814814814816
