0 0.11848958333333333 0.46435185185185185 0.07135416666666666 0.21944444444444444
0 0.65859375 0.32453703703703707 0.10989583333333333 0.11203703703703705
0 0.7338541666666667 0.29583333333333334 0.058333333333333334 0.15092592592592594
0 0.6575520833333334 0.24814814814814815 0.07135416666666666 0.07777777777777778
0 0.884375 0.2689814814814815 0.057291666666666664 0.08425925925925926
0 0.7557291666666667 0.40555555555555556 0.075 0.14814814814814814
0 0.7919270833333333 0.5212962962962964 0.0703125 0.16111111111111112
0 0.640625 0.7319444444444445 0.09791666666666667 0.18425925925925926
0 0.8270833333333333 0.774537037037037 0.10416666666666667 0.11574074074074074
0 0.88046875 0.8361111111111111 0.04739583333333333 0.09814814814814815
0 0.7401041666666667 0.8398148148148148 0.096875 0.10555555555555556
