0 0.21796875 0.2763888888888889 0.09322916666666667 0.1564814814814815
0 0.36822916666666666 0.3138888888888889 0.071875 0.1925925925925926
0 0.4359375 0.250462962962963 0.06145833333333333 0.08425925925925926
0 0.6299479166666666 0.24444444444444446 0.08697916666666666 0.05740740740740741
0 0.6513020833333333 0.5328703703703704 0.07864583333333333 0.19907407407407407
0 0.4578125 0.46342592592592596 0.10833333333333334 0.10648148148148148
0 0.4848958333333333 0.562962962962963 0.08854166666666667 0.1425925925925926
0 0.15833333333333333 0.825925925925926 0.1 0.15185185185185185
0 0.49635416666666665 0.85 0.08541666666666667 0.07962962962962963
0 0.5875 0.6995370370370371 0.075 0.2138888888888889
0 0.71171875 0.7865740740740741 0.058854166666666666 0.1824074074074074
0 0.76875 0.762962962962963 0.059375 0.16666666666666669
0 0.8455729166666667 0.8245370370370371 0.0734375 0.1212962962962963
