0 0.32057291666666665 0.2550925925925926 0.08802083333333333 0.08796296296296297
0 0.24765625 0.2523148148148148 0.08385416666666666 0.09722222222222222
0 0.12708333333333333 0.26712962962962966 0.06354166666666666 0.10092592592592593
0 0.20729166666666665 0.29583333333333334 0.052083333333333336 0.15833333333333333
0 0.28229166666666666 0.34861111111111115 0.05416666666666667 0.1824074074074074
0 0.3338541666666667 0.3773148148148148 0.065625 0.20092592592592592
0 0.40703125 0.33935185185185185 0.06510416666666667 0.1638888888888889
0 0.43359375 0.26203703703703707 0.06510416666666667 0.10555555555555556
0 0.5390625 0.24675925925925926 0.103125 0.10462962962962963
0 0.6486979166666667 0.2537037037037037 0.0703125 0.09074074074074075
0 0.684375 0.35324074074074074 0.06770833333333333 0.1712962962962963
0 0.7971354166666667 0.4712962962962963 0.07552083333333333 0.1962962962962963
0 0.6294270833333333 0.46944444444444444 0.08802083333333333 0.1685185185185185
0 0.54921875 0.4337962962962963 0.06614583333333333 0.17685185185185187
0 0.51875 0.33564814814814814 0.07083333333333333 0.14351851851851852
0 0.4622395833333333 0.3199074074074074 0.05572916666666666 0.1675925925925926
0 0.4200520833333333 0.4791666666666667 0.07135416666666666 0.16203703703703703
0 0.5018229166666667 0.5601851851851852 0.0703125 0.1925925925925926
0 0.6104166666666666 0.6625 0.09583333333333333 0.18055555555555555
0 0.70234375 0.6902777777777778 0.0828125 0.17500000000000002
0 0.8283854166666667 0.6712962962962963 0.1046875 0.18333333333333335
0 0.49114583333333334 0.7106481481481481 0.1125 0.1787037037037037
0 0.37578125 0.6180555555555556 0.09114583333333333 0.18981481481481483
0 0.3067708333333333 0.5819444444444445 0.07291666666666667 0.16203703703703703
0 0.29583333333333334 0.6791666666666667 0.07083333333333333 0.14907407407407408
0 0.21484375 0.5620370370370371 0.0765625 0.20925925925925926
0 0.0859375 0.5671296296296297 0.07395833333333333 0.15092592592592594
0 0.11796875 0.5462962962962963 0.0765625 0.20185185185185187
0 0.20703125 0.8402777777777778 0.07135416666666666 0.12314814814814816
0 0.2739583333333333 0.8328703703703704 0.057291666666666664 0.1175925925925926
0 0.5856770833333333 0.8537037037037037 0.057812499999999996 0.09814814814814815
0 0.6763020833333333 0.8569444444444445 0.059895833333333336 0.075
0 0.8041666666666667 0.8569444444444445 0.0875 0.09166666666666667
0 0.7598958333333333 0.8430555555555556 0.04583333333333333 0.10648148148148148
0 0.40859375 0.8546296296296296 0.043229166666666666 0.06481481481481481
0 0.1765625 0.8537037037037037 0.06354166666666666 0.06666666666666667
