0 0.2872395833333333 0.2476851851851852 0.058854166666666666 0.0712962962962963
0 0.8153645833333333 0.2898148148148148 0.057812499999999996 0.1574074074074074
0 0.8752604166666667 0.300462962962963 0.06510416666666667 0.15833333333333333
0 0.8479166666666667 0.4675925925925926 0.05416666666666667 0.18333333333333335
0 0.8890625 0.46944444444444444 0.04895833333333333 0.16481481481481483
0 0.8088541666666667 0.44953703703703707 0.05 0.17500000000000002
0 0.76484375 0.4467592592592593 0.06197916666666667 0.20092592592592592
0 0.7252604166666666 0.4851851851851852 0.0609375 0.1925925925925926
0 0.6919270833333333 0.3976851851851852 0.07864583333333333 0.14907407407407408
0 0.6479166666666667 0.5712962962962963 0.07708333333333334 0.20185185185185187
0 0.8364583333333333 0.8476851851851852 0.05 0.08425925925925926
0 0.6942708333333333 0.8587962962962963 0.052083333333333336 0.062037037037037036
0 0.5458333333333333 0.7481481481481482 0.075 0.21851851851851853
0 0.4940104166666667 0.7587962962962963 0.06197916666666667 0.2212962962962963
0 0.4401041666666667 0.725462962962963 0.0875 0.17500000000000002
0 0.4458333333333333 0.5703703703703704 0.10208333333333333 0.1851851851851852
0 0.37395833333333334 0.7759259259259259 0.06979166666666667 0.19444444444444445
0 0.35104166666666664 0.5990740740740741 0.071875 0.1962962962962963
0 0.31354166666666666 0.6444444444444445 0.09166666666666666 0.1425925925925926
0 0.22760416666666666 0.4814814814814815 0.0875 0.18703703703703706
0 0.12578125 0.524537037037037 0.050520833333333334 0.13611111111111113
0 0.10286458333333333 0.5912037037037037 0.06510416666666667 0.1398148148148148
0 0.09375 0.6648148148148149 0.06666666666666667 0.0962962962962963
0 0.10885416666666667 0.7861111111111111 0.0625 0.12222222222222223
0 0.15442708333333333 0.8328703703703704 0.05572916666666666 0.10092592592592593
0 0.14609375 0.7444444444444445 0.049479166666666664 0.09074074074074075
0 0.2046875 0.6657407407407407 0.06979166666666667 0.19444444444444445
0 0.2622395833333333 0.7203703703703704 0.07760416666666667 0.17222222222222222
0 0.22083333333333333 0.851388888888889 0.09479166666666666 0.11203703703703705
0 0.27682291666666664 0.8342592592592593 0.0921875 0.09814814814814815
