0 0.8234374999999999 0.35462962962962963 0.08645833333333333 0.2
0 0.5471354166666667 0.2555555555555556 0.049479166666666664 0.08888888888888889
0 0.49296875 0.24675925925925926 0.058854166666666666 0.06759259259259259
0 0.4083333333333333 0.32546296296296295 0.103125 0.13611111111111113
0 0.3502604166666667 0.31342592592592594 0.06927083333333334 0.18611111111111112
0 0.28489583333333335 0.32037037037037036 0.08020833333333333 0.19074074074074074
0 0.19140625 0.2657407407407408 0.07552083333333333 0.13518518518518519
0 0.24583333333333332 0.45462962962962966 0.07395833333333333 0.2
0 0.309375 0.5074074074074074 0.09270833333333334 0.16296296296296298
0 0.1859375 0.48379629629629634 0.075 0.18055555555555555
0 0.11979166666666667 0.46990740740740744 0.06770833333333333 0.17314814814814816
0 0.11484375 0.5393518518518519 0.05677083333333333 0.14166666666666666
0 0.10026041666666667 0.8074074074074075 0.06614583333333333 0.10740740740740741
0 0.10729166666666666 0.7078703703703704 0.06458333333333333 0.12314814814814816
0 0.1875 0.8476851851851852 0.058333333333333334 0.08425925925925926
0 0.26640625 0.6467592592592593 0.12239583333333333 0.13796296296296298
0 0.47239583333333335 0.6111111111111112 0.07604166666666666 0.20555555555555557
0 0.6497395833333334 0.7268518518518519 0.11822916666666666 0.16481481481481483
0 0.6979166666666666 0.637962962962963 0.11041666666666666 0.17592592592592593
0 0.8 0.6736111111111112 0.08125 0.16944444444444445
0 0.8666666666666667 0.6268518518518519 0.07291666666666667 0.15555555555555556
0 0.8578125 0.7240740740740741 0.06041666666666667 0.1685185185185185
0 0.8893229166666666 0.8027777777777778 0.0640625 0.14444444444444446
0 0.7544270833333333 0.8189814814814815 0.059895833333333336 0.12685185185185185
0 0.7979166666666666 0.7759259259259259 0.08229166666666667 0.11481481481481481
0 0.7140625 0.8615740740740742 0.08020833333333333 0.06018518518518519
0 0.81796875 0.8611111111111112 0.06510416666666667 0.05555555555555556
0 0.78359375 0.4601851851851852 0.07239583333333333 0.1962962962962963
