0 0.31927083333333334 0.2523148148148148 0.10104166666666667 0.09537037037037037
0 0.4145833333333333 0.25833333333333336 0.09583333333333333 0.09074074074074075
0 0.6205729166666667 0.26157407407407407 0.10052083333333334 0.08055555555555556
0 0.7825520833333334 0.3041666666666667 0.0609375 0.18055555555555555
0 0.7091145833333333 0.2652777777777778 0.08489583333333334 0.10833333333333334
0 0.6760416666666667 0.3564814814814815 0.07083333333333333 0.17407407407407408
0 0.49921875 0.42453703703703705 0.08385416666666666 0.16203703703703703
0 0.39739583333333334 0.3523148148148148 0.075 0.1527777777777778
0 0.29322916666666665 0.38796296296296295 0.065625 0.18703703703703706
0 0.18020833333333333 0.2847222222222222 0.08333333333333333 0.1787037037037037
0 0.09244791666666667 0.46851851851851856 0.06927083333333334 0.16111111111111112
0 0.10052083333333334 0.5902777777777778 0.075 0.16018518518518518
0 0.1171875 0.712037037037037 0.06145833333333333 0.14814814814814814
0 0.14505208333333333 0.8305555555555556 0.08802083333333333 0.14074074074074075
0 0.30572916666666666 0.8324074074074075 0.096875 0.12037037037037038
0 0.26875 0.6615740740740741 0.07083333333333333 0.17685185185185187
0 0.31328125 0.5981481481481482 0.0703125 0.17962962962962964
0 0.3859375 0.6666666666666667 0.08020833333333333 0.17407407407407408
0 0.4184895833333333 0.5226851851851853 0.0859375 0.15092592592592594
0 0.43515624999999997 0.788888888888889 0.09427083333333333 0.13148148148148148
0 0.5036458333333333 0.8291666666666667 0.071875 0.13055555555555556
0 0.5315104166666667 0.675462962962963 0.10885416666666667 0.14722222222222223
0 0.5114583333333333 0.5787037037037037 0.071875 0.16481481481481483
0 0.61015625 0.513425925925926 0.0859375 0.16944444444444445
0 0.6947916666666667 0.5921296296296297 0.07708333333333334 0.19166666666666668
0 0.79375 0.5532407407407408 0.07916666666666666 0.20092592592592592
0 0.5973958333333333 0.712037037037037 0.06875 0.1925925925925926
0 0.7046875 0.7694444444444445 0.090625 0.1851851851851852
0 0.8315104166666667 0.7703703703703704 0.08697916666666666 0.19074074074074074
0 0.5942708333333333 0.8546296296296296 0.05 0.07407407407407407
0 0.6796875 0.8578703703703704 0.051041666666666666 0.06944444444444445
0 0.7583333333333333 0.8625 0.03854166666666667 0.062037037037037036
