0 0.4184895833333333 0.30185185185185187 0.0734375 0.17037037037037037
0 0.49374999999999997 0.30648148148148147 0.0625 0.14814814814814814
0 0.5317708333333333 0.39722222222222225 0.04895833333333333 0.15555555555555556
0 0.5692708333333333 0.3851851851851852 0.05416666666666667 0.19074074074074074
0 0.6330729166666667 0.4240740740740741 0.09114583333333333 0.1574074074074074
0 0.72734375 0.4203703703703704 0.10677083333333333 0.1574074074074074
0 0.2721354166666667 0.5125000000000001 0.07447916666666667 0.21203703703703705
0 0.5684895833333333 0.5388888888888889 0.07447916666666667 0.17962962962962964
0 0.50703125 0.600462962962963 0.07552083333333333 0.1712962962962963
0 0.14921875 0.6162037037037037 0.0796875 0.16574074074074074
0 0.09895833333333333 0.6370370370370371 0.051041666666666666 0.17592592592592593
0 0.10390624999999999 0.7666666666666667 0.06927083333333334 0.12962962962962962
0 0.22890625 0.8240740740740741 0.07239583333333333 0.11111111111111112
0 0.1015625 0.8847222222222223 0.109375 0.11944444444444445
0 0.44687499999999997 0.850462962962963 0.052083333333333336 0.06944444444444445
0 0.5 0.8356481481481481 0.053125 0.10648148148148148
0 0.88046875 0.8453703703703704 0.0546875 0.07962962962962963
