0 0.6458333333333334 0.2574074074074074 0.08541666666666667 0.11481481481481481
0 0.6916666666666667 0.4236111111111111 0.09270833333333334 0.17314814814814816
0 0.7700520833333333 0.4203703703703704 0.07552083333333333 0.20555555555555557
0 0.8200520833333333 0.4967592592592593 0.0765625 0.17314814814814816
0 0.6260416666666666 0.37083333333333335 0.08333333333333333 0.18055555555555555
0 0.48854166666666665 0.4365740740740741 0.11041666666666666 0.14537037037037037
0 0.47291666666666665 0.5708333333333333 0.08333333333333333 0.16944444444444445
0 0.6645833333333333 0.8444444444444444 0.10625 0.11296296296296297
0 0.43203125 0.9013888888888889 0.13385416666666666 0.11944444444444445
0 0.7973958333333333 0.8560185185185185 0.04479166666666667 0.05277777777777778
0 0.5776041666666667 0.8342592592592593 0.05520833333333333 0.11666666666666667
0 0.9591145833333333 0.8870370370370371 0.08177083333333333 0.22037037037037038
0 0.29192708333333334 0.38796296296296295 0.1015625 0.1388888888888889
0 0.30625 0.48194444444444445 0.11041666666666666 0.11018518518518519
0 0.19401041666666666 0.4615740740740741 0.0953125 0.18981481481481483
0 0.11666666666666667 0.5277777777777778 0.057291666666666664 0.15
0 0.10625 0.5949074074074074 0.06041666666666667 0.12685185185185185
0 0.08802083333333333 0.6555555555555556 0.06458333333333333 0.11481481481481481
0 0.10130208333333333 0.800462962962963 0.06510416666666667 0.11203703703703705
0 0.16953125 0.8305555555555556 0.10052083333333334 0.11666666666666667
0 0.14296875 0.7194444444444444 0.07447916666666667 0.07962962962962963
