0 0.33046875 0.250462962962963 0.06822916666666666 0.10648148148148148
0 0.4036458333333333 0.2833333333333333 0.06666666666666667 0.16111111111111112
0 0.6609375 0.27361111111111114 0.05625 0.13055555555555556
0 0.6291666666666667 0.24861111111111112 0.05 0.0638888888888889
0 0.37734375 0.24537037037037038 0.0265625 0.05740740740740741
0 0.73828125 0.4138888888888889 0.08177083333333333 0.18703703703703706
0 0.5713541666666666 0.47453703703703703 0.065625 0.19907407407407407
0 0.6364583333333333 0.5222222222222223 0.09270833333333334 0.21296296296296297
0 0.7932291666666667 0.6736111111111112 0.08125 0.21574074074074076
0 0.69921875 0.7916666666666667 0.11197916666666667 0.13703703703703704
0 0.6299479166666666 0.6902777777777778 0.10885416666666667 0.18425925925925926
0 0.4674479166666667 0.763888888888889 0.11302083333333333 0.1851851851851852
0 0.4575520833333333 0.6203703703703703 0.0859375 0.18703703703703706
0 0.32135416666666666 0.5101851851851852 0.08541666666666667 0.16666666666666669
0 0.19895833333333332 0.48240740740740745 0.084375 0.20740740740740743
0 0.12343749999999999 0.5212962962962964 0.058333333333333334 0.13518518518518519
0 0.10442708333333334 0.6 0.07239583333333333 0.13333333333333333
0 0.10208333333333333 0.6685185185185185 0.08854166666666667 0.11666666666666667
0 0.10286458333333333 0.8064814814814815 0.08177083333333333 0.0962962962962963
0 0.17994791666666665 0.8189814814814815 0.09114583333333333 0.13611111111111113
0 0.32916666666666666 0.8458333333333333 0.07916666666666666 0.09166666666666667
