0 0.23229166666666667 0.25462962962962965 0.06458333333333333 0.09444444444444444
0 0.21015625 0.33981481481481485 0.08072916666666667 0.1685185185185185
0 0.3171875 0.26203703703703707 0.04583333333333333 0.08703703703703704
0 0.35625 0.2949074074074074 0.053125 0.14907407407407408
0 0.40130208333333334 0.5101851851851852 0.10677083333333333 0.14444444444444446
0 0.6380208333333334 0.24722222222222223 0.06770833333333333 0.06851851851851852
0 0.80078125 0.26435185185185184 0.06614583333333333 0.10277777777777779
0 0.7138020833333333 0.6240740740740741 0.1140625 0.16481481481481483
0 0.5981770833333333 0.7092592592592593 0.0984375 0.19814814814814816
0 0.48463541666666665 0.7416666666666667 0.08072916666666667 0.17592592592592593
0 0.134375 0.8282407407407407 0.07083333333333333 0.09907407407407408
0 0.23020833333333332 0.8421296296296297 0.08125 0.09166666666666667
0 0.7106770833333333 0.8430555555555556 0.0671875 0.08796296296296297
0 0.85703125 0.8185185185185185 0.07760416666666667 0.1388888888888889
0 0.7986979166666667 0.8430555555555556 0.05677083333333333 0.09351851851851853
