0 0.24088541666666666 0.33333333333333337 0.0703125 0.16666666666666669
0 0.3098958333333333 0.44722222222222224 0.09479166666666666 0.1574074074074074
0 0.20208333333333334 0.4712962962962963 0.07291666666666667 0.18333333333333335
0 0.4419270833333333 0.44907407407407407 0.10364583333333333 0.16666666666666669
0 0.49921875 0.32916666666666666 0.07864583333333333 0.1564814814814815
0 0.51875 0.2712962962962963 0.05416666666666667 0.12592592592592594
0 0.5953125 0.2712962962962963 0.052083333333333336 0.13333333333333333
0 0.5614583333333333 0.26296296296296295 0.06041666666666667 0.13703703703703704
0 0.671875 0.32916666666666666 0.08333333333333333 0.15833333333333333
0 0.6828125 0.4314814814814815 0.08541666666666667 0.1814814814814815
0 0.7705729166666666 0.3138888888888889 0.06197916666666667 0.16481481481481483
0 0.8111979166666666 0.49722222222222223 0.0703125 0.1685185185185185
0 0.865625 0.575925925925926 0.07083333333333333 0.17407407407407408
0 0.30442708333333335 0.5708333333333333 0.10572916666666667 0.125
0 0.2375 0.7851851851851852 0.06770833333333333 0.17962962962962964
0 0.16875 0.8398148148148148 0.1 0.08888888888888889
0 0.029947916666666668 0.8481481481481482 0.058854166666666666 0.16481481481481483
0 0.04869791666666667 0.7518518518518519 0.05677083333333333 0.17777777777777778
0 0.09973958333333333 0.8027777777777778 0.0484375 0.11666666666666667
0 0.14739583333333334 0.7490740740740741 0.04895833333333333 0.12962962962962962
0 0.09166666666666666 0.6458333333333334 0.07291666666666667 0.1175925925925926
0 0.12343749999999999 0.5319444444444444 0.059375 0.13796296296296298
0 0.10651041666666666 0.5981481481481482 0.057812499999999996 0.14444444444444446
0 0.703125 0.8574074074074074 0.053125 0.07407407407407407
0 0.8510416666666667 0.8486111111111111 0.06666666666666667 0.10462962962962963
0 0.6768229166666666 0.24212962962962964 0.06927083333333334 0.05277777777777778
