0 0.6127604166666667 0.2564814814814815 0.0609375 0.07777777777777778
0 0.6877604166666667 0.4416666666666667 0.0984375 0.17222222222222222
0 0.81328125 0.4476851851851852 0.0796875 0.18981481481481483
0 0.8950520833333333 0.2967592592592593 0.08072916666666667 0.14351851851851852
0 0.290625 0.4189814814814815 0.08333333333333333 0.1824074074074074
0 0.2328125 0.362962962962963 0.07083333333333333 0.17222222222222222
0 0.22994791666666667 0.4861111111111111 0.06614583333333333 0.16481481481481483
0 0.29322916666666665 0.5328703703703704 0.10208333333333333 0.11944444444444445
0 0.3325520833333333 0.6305555555555555 0.1015625 0.16666666666666669
0 0.12994791666666666 0.5222222222222223 0.05260416666666667 0.14074074074074075
0 0.09479166666666666 0.5703703703703704 0.05416666666666667 0.15185185185185185
0 0.08489583333333334 0.6800925925925926 0.06041666666666667 0.12685185185185185
0 0.10520833333333333 0.7851851851851852 0.06458333333333333 0.11111111111111112
0 0.14322916666666666 0.7356481481481482 0.046875 0.13055555555555556
0 0.20807291666666666 0.8287037037037037 0.0921875 0.11851851851851852
0 0.3033854166666667 0.8393518518518519 0.06927083333333334 0.08796296296296297
0 0.5171875 0.8453703703703704 0.10729166666666666 0.08333333333333334
0 0.8505208333333333 0.8439814814814816 0.0625 0.09537037037037037
0 0.6903645833333333 0.85 0.0515625 0.06851851851851852
0 0.15911458333333334 0.8541666666666667 0.0546875 0.0712962962962963
0 0.12916666666666665 0.6398148148148148 0.04375 0.13333333333333333
