0 0.5200520833333333 0.36712962962962964 0.0828125 0.16574074074074074
0 0.41302083333333334 0.3287037037037037 0.0875 0.15925925925925927
0 0.7471354166666666 0.4587962962962963 0.06927083333333334 0.18981481481481483
0 0.8046875 0.3189814814814815 0.06666666666666667 0.1712962962962963
0 0.45989583333333334 0.6069444444444445 0.07916666666666666 0.19722222222222224
0 0.31588541666666664 0.5361111111111111 0.08385416666666666 0.1425925925925926
0 0.25416666666666665 0.5370370370370371 0.06458333333333333 0.20370370370370372
0 0.19166666666666665 0.4800925925925926 0.07395833333333333 0.1824074074074074
0 0.12526041666666665 0.5083333333333333 0.05572916666666666 0.14814814814814814
0 0.09192708333333333 0.600925925925926 0.06510416666666667 0.1277777777777778
0 0.10963541666666667 0.7949074074074074 0.0640625 0.11388888888888889
0 0.6760416666666667 0.700925925925926 0.06666666666666667 0.22037037037037038
0 0.75390625 0.701388888888889 0.0890625 0.20462962962962963
0 0.8872395833333333 0.2828703703703704 0.0890625 0.13425925925925927
0 0.10130208333333333 0.7064814814814815 0.0671875 0.0962962962962963
0 0.21927083333333333 0.8402777777777778 0.059375 0.09537037037037037
