0 0.2513020833333333 0.32731481481481484 0.0703125 0.18425925925925926
0 0.3578125 0.2976851851851852 0.06458333333333333 0.1712962962962963
0 0.4184895833333333 0.4134259259259259 0.07239583333333333 0.19722222222222224
0 0.5403645833333334 0.274537037037037 0.0609375 0.13611111111111113
0 0.5796875 0.40972222222222227 0.10520833333333333 0.13240740740740742
0 0.6208333333333333 0.3287037037037037 0.065625 0.1574074074074074
0 0.70625 0.44907407407407407 0.075 0.1574074074074074
0 0.7388020833333333 0.36388888888888893 0.09322916666666667 0.1537037037037037
0 0.7966145833333333 0.2523148148148148 0.06822916666666666 0.07685185185185185
0 0.8697916666666666 0.5856481481481481 0.06875 0.17314814814814816
0 0.5158854166666667 0.5717592592592593 0.09114583333333333 0.19166666666666668
0 0.6752604166666667 0.7412037037037037 0.1171875 0.1527777777777778
0 0.87734375 0.8222222222222223 0.07135416666666666 0.13333333333333333
0 0.6932291666666667 0.8523148148148149 0.11979166666666667 0.08796296296296297
0 0.35911458333333335 0.8092592592592593 0.08697916666666666 0.14814814814814814
0 0.2875 0.7361111111111112 0.07083333333333333 0.17592592592592593
0 0.12994791666666666 0.8569444444444445 0.1046875 0.11203703703703705
0 0.5903645833333333 0.2425925925925926 0.05260416666666667 0.04814814814814815
