0 0.4986979166666667 0.2712962962962963 0.06510416666666667 0.11666666666666667
0 0.634375 0.250462962962963 0.05416666666666667 0.075
0 0.72578125 0.24953703703703706 0.0703125 0.09722222222222222
0 0.79375 0.3523148148148148 0.07395833333333333 0.17500000000000002
0 0.26953125 0.24166666666666667 0.06510416666666667 0.07222222222222223
0 0.42578125 0.5717592592592593 0.09114583333333333 0.2138888888888889
0 0.7408854166666666 0.6032407407407407 0.11197916666666667 0.19166666666666668
0 0.8674479166666667 0.6226851851851852 0.0796875 0.18611111111111112
0 0.15234375 0.8245370370370371 0.0765625 0.12685185185185185
0 0.20364583333333333 0.7791666666666667 0.07083333333333333 0.13240740740740742
0 0.24973958333333332 0.8472222222222222 0.0828125 0.09074074074074075
0 0.39348958333333334 0.8347222222222223 0.06302083333333333 0.1212962962962963
0 0.47578125 0.7416666666666667 0.08385416666666666 0.17777777777777778
0 0.53671875 0.7472222222222222 0.0640625 0.18333333333333335
0 0.5911458333333334 0.775462962962963 0.07604166666666666 0.17314814814814816
0 0.64765625 0.7143518518518519 0.09739583333333333 0.17500000000000002
0 0.70859375 0.8523148148148149 0.08385416666666666 0.10092592592592593
0 0.6229166666666667 0.8523148148148149 0.05 0.06944444444444445
0 0.49140625 0.8398148148148148 0.06302083333333333 0.08703703703703704
