0 0.5567708333333333 0.32731481481481484 0.07916666666666666 0.1527777777777778
0 0.62109375 0.24953703703703706 0.09635416666666667 0.07314814814814816
0 0.6747395833333333 0.3439814814814815 0.09427083333333333 0.125
0 0.796875 0.350462962962963 0.08229166666666667 0.1527777777777778
0 0.7208333333333333 0.437962962962963 0.09895833333333333 0.12037037037037038
0 0.8481770833333333 0.5861111111111111 0.08802083333333333 0.2
0 0.7776041666666667 0.7402777777777778 0.10416666666666667 0.19722222222222224
0 0.6236979166666666 0.701388888888889 0.0859375 0.20833333333333334
0 0.20104166666666667 0.5638888888888889 0.08854166666666667 0.19444444444444445
0 0.17473958333333334 0.8472222222222222 0.0859375 0.09444444444444444
0 0.4908854166666667 0.8222222222222223 0.10052083333333334 0.12037037037037038
0 0.6588541666666666 0.8611111111111112 0.109375 0.06481481481481481
0 0.75703125 0.8449074074074074 0.06510416666666667 0.08611111111111111
