0 0.19661458333333334 0.2935185185185185 0.09010416666666667 0.15185185185185185
0 0.49583333333333335 0.2606481481481482 0.09270833333333334 0.11574074074074074
0 0.5549479166666667 0.29120370370370374 0.07239583333333333 0.16018518518518518
0 0.7221354166666667 0.26435185185185184 0.07447916666666667 0.08240740740740742
0 0.6515625 0.44722222222222224 0.08020833333333333 0.21296296296296297
0 0.703125 0.41712962962962963 0.06145833333333333 0.1787037037037037
0 0.8138020833333334 0.46342592592592596 0.09010416666666667 0.19351851851851853
0 0.7546875 0.5925925925925926 0.109375 0.15555555555555556
0 0.7341145833333333 0.7944444444444445 0.0953125 0.17222222222222222
0 0.6869791666666667 0.8638888888888889 0.040625 0.061111111111111116
0 0.41041666666666665 0.825925925925926 0.08645833333333333 0.10740740740740741
0 0.221875 0.8250000000000001 0.078125 0.10740740740740741
0 0.31276041666666665 0.5175925925925926 0.08385416666666666 0.1574074074074074
0 0.22578125 0.4708333333333333 0.09114583333333333 0.1712962962962963
0 0.09583333333333333 0.47500000000000003 0.057291666666666664 0.19074074074074074
0 0.1328125 0.5449074074074074 0.046875 0.16574074074074074
0 0.09036458333333333 0.6430555555555556 0.059895833333333336 0.13611111111111113
0 0.10703125 0.7310185185185185 0.08385416666666666 0.1175925925925926
0 0.10625 0.8162037037037038 0.0875 0.11388888888888889
