0 0.8984375 0.3074074074074074 0.06979166666666667 0.15
0 0.8690104166666667 0.3138888888888889 0.044270833333333336 0.16481481481481483
0 0.8125 0.4430555555555556 0.08020833333333333 0.17500000000000002
0 0.6901041666666666 0.4430555555555556 0.08125 0.18425925925925926
0 0.3208333333333333 0.4365740740740741 0.08541666666666667 0.17314814814814816
0 0.2716145833333333 0.5291666666666667 0.06822916666666666 0.1712962962962963
0 0.21875 0.4912037037037037 0.06145833333333333 0.16203703703703703
0 0.30572916666666666 0.6486111111111111 0.08333333333333333 0.16203703703703703
0 0.653125 0.6319444444444444 0.09895833333333333 0.2064814814814815
0 0.8520833333333333 0.8495370370370371 0.06979166666666667 0.09537037037037037
0 0.6421875 0.8425925925925927 0.11041666666666666 0.10925925925925926
0 0.48802083333333335 0.8472222222222222 0.10520833333333333 0.11296296296296297
0 0.3763020833333333 0.825462962962963 0.06614583333333333 0.12685185185185185
0 0.21614583333333334 0.7162037037037037 0.08541666666666667 0.15833333333333333
0 0.12317708333333333 0.5143518518518518 0.057812499999999996 0.13425925925925927
0 0.10208333333333333 0.5708333333333333 0.05 0.125
0 0.08723958333333333 0.6620370370370371 0.07447916666666667 0.10370370370370371
0 0.10572916666666667 0.7912037037037037 0.0625 0.10462962962962963
0 0.13671875 0.7388888888888889 0.05572916666666666 0.17222222222222222
0 0.13802083333333334 0.8467592592592593 0.05520833333333333 0.07314814814814816
0 0.21119791666666665 0.8342592592592593 0.09739583333333333 0.10740740740740741
0 0.4171875 0.8472222222222222 0.059375 0.07222222222222223
