0 0.5973958333333333 0.3402777777777778 0.07604166666666666 0.1787037037037037
0 0.7158854166666666 0.3231481481481482 0.0671875 0.16666666666666669
0 0.42916666666666664 0.44074074074074077 0.07708333333333334 0.1814814814814815
0 0.6502604166666667 0.5027777777777778 0.09114583333333333 0.15185185185185185
0 0.49583333333333335 0.5837962962962964 0.08125 0.17685185185185187
0 0.521875 0.7055555555555556 0.0875 0.16296296296296298
0 0.8744791666666667 0.7245370370370371 0.07708333333333334 0.19166666666666668
0 0.77109375 0.7810185185185186 0.08072916666666667 0.1675925925925926
0 0.7380208333333333 0.8532407407407407 0.07083333333333333 0.08055555555555556
0 0.6848958333333334 0.7921296296296296 0.06354166666666666 0.1712962962962963
0 0.6065104166666666 0.8050925925925926 0.08802083333333333 0.11203703703703705
0 0.6013020833333333 0.8546296296296296 0.0984375 0.07962962962962963
0 0.24973958333333332 0.8439814814814816 0.10260416666666666 0.08981481481481482
0 0.21432291666666667 0.8083333333333333 0.049479166666666664 0.10185185185185186
0 0.44921875 0.8245370370370371 0.049479166666666664 0.11944444444444445
0 0.5083333333333333 0.8337962962962964 0.08541666666666667 0.09722222222222222
