0 0.71484375 0.2449074074074074 0.09635416666666667 0.06759259259259259
0 0.6859375 0.39861111111111114 0.075 0.19351851851851853
0 0.6091145833333333 0.4166666666666667 0.0953125 0.16481481481481483
0 0.81640625 0.46851851851851856 0.0921875 0.18888888888888888
0 0.74296875 0.5291666666666667 0.06614583333333333 0.21574074074074076
0 0.37604166666666666 0.5180555555555556 0.09791666666666667 0.22870370370370371
0 0.3026041666666667 0.537962962962963 0.078125 0.17962962962962964
0 0.221875 0.4726851851851852 0.07291666666666667 0.17500000000000002
0 0.12421875 0.5152777777777778 0.05260416666666667 0.125
0 0.11562499999999999 0.5828703703703704 0.051041666666666666 0.11388888888888889
0 0.0890625 0.6564814814814816 0.06041666666666667 0.17407407407407408
0 0.10494791666666667 0.7245370370370371 0.043229166666666666 0.06944444444444445
0 0.10182291666666667 0.7967592592592593 0.05677083333333333 0.10277777777777779
0 0.20208333333333334 0.7435185185185186 0.07604166666666666 0.19074074074074074
0 0.14348958333333334 0.7300925925925926 0.059895833333333336 0.08796296296296297
0 0.2989583333333333 0.8143518518518519 0.07708333333333334 0.13796296296296298
0 0.4106770833333333 0.825462962962963 0.09114583333333333 0.13611111111111113
0 0.3533854166666667 0.8486111111111111 0.0546875 0.0787037037037037
0 0.6932291666666667 0.8606481481481482 0.03958333333333333 0.06574074074074074
0 0.7377604166666667 0.851388888888889 0.05572916666666666 0.075
0 0.7799479166666666 0.850462962962963 0.05572916666666666 0.09166666666666667
0 0.865625 0.8416666666666667 0.06145833333333333 0.0925925925925926
