0 0.6674479166666667 0.2523148148148148 0.09739583333333333 0.12685185185185185
0 0.5575520833333333 0.250462962962963 0.057812499999999996 0.11203703703703705
0 0.4861979166666667 0.26203703703703707 0.06197916666666667 0.11481481481481481
0 0.3359375 0.24953703703703706 0.06666666666666667 0.09907407407407408
0 0.20338541666666665 0.3106481481481482 0.0984375 0.1398148148148148
0 0.41380208333333335 0.3675925925925926 0.07239583333333333 0.15555555555555556
0 0.44817708333333334 0.4486111111111111 0.09947916666666666 0.15092592592592594
0 0.3609375 0.4708333333333333 0.11145833333333333 0.16203703703703703
0 0.0984375 0.537962962962963 0.0875 0.18888888888888888
0 0.14817708333333332 0.6907407407407408 0.0890625 0.1574074074074074
0 0.10286458333333333 0.7810185185185186 0.058854166666666666 0.16203703703703703
0 0.19375 0.8361111111111111 0.05416666666666667 0.10185185185185186
0 0.09635416666666667 0.8763888888888889 0.11354166666666667 0.13611111111111113
0 0.5075520833333333 0.6662037037037037 0.0796875 0.17314814814814816
0 0.60390625 0.7439814814814815 0.08385416666666666 0.17500000000000002
0 0.7518229166666667 0.6699074074074074 0.0828125 0.19907407407407407
0 0.8244791666666667 0.8342592592592593 0.078125 0.11111111111111112
0 0.6403645833333333 0.8541666666666667 0.06614583333333333 0.062037037037037036
0 0.73359375 0.2574074074074074 0.06197916666666667 0.08703703703703704
