0 0.42421875 0.2902777777777778 0.08697916666666666 0.1287037037037037
0 0.7109375 0.3462962962962963 0.10416666666666667 0.13703703703703704
0 0.6598958333333333 0.2476851851851852 0.05416666666666667 0.049074074074074076
0 0.4049479166666667 0.6129629629629629 0.06927083333333334 0.20185185185185187
0 0.68359375 0.6444444444444445 0.07447916666666667 0.17962962962962964
0 0.78203125 0.663425925925926 0.07135416666666666 0.16203703703703703
0 0.8755208333333333 0.7078703703703704 0.065625 0.1824074074074074
0 0.6739583333333333 0.7763888888888889 0.103125 0.1212962962962963
0 0.15208333333333332 0.837962962962963 0.09791666666666667 0.10925925925925926
0 0.7283854166666667 0.837037037037037 0.09427083333333333 0.10185185185185186
0 0.8049479166666667 0.8458333333333333 0.0671875 0.08796296296296297
0 0.8278645833333333 0.7837962962962963 0.04739583333333333 0.08055555555555556
0 0.8604166666666666 0.8425925925925927 0.051041666666666666 0.0925925925925926
