0 0.22005208333333334 0.24675925925925926 0.0921875 0.10833333333333334
0 0.5411458333333333 0.28703703703703703 0.07395833333333333 0.1574074074074074
0 0.69609375 0.43333333333333335 0.0796875 0.19444444444444445
0 0.8020833333333334 0.5087962962962963 0.071875 0.18796296296296297
0 0.55625 0.44074074074074077 0.10416666666666667 0.1851851851851852
0 0.3229166666666667 0.5597222222222222 0.10520833333333333 0.12685185185185185
0 0.31536458333333334 0.45 0.1046875 0.16666666666666669
0 0.19427083333333334 0.40324074074074073 0.09583333333333333 0.13796296296296298
0 0.21927083333333333 0.47731481481481486 0.06041666666666667 0.1675925925925926
0 0.11848958333333333 0.4638888888888889 0.0609375 0.1574074074074074
0 0.10755208333333333 0.5893518518518519 0.0609375 0.13425925925925927
0 0.0921875 0.6643518518518519 0.051041666666666666 0.08981481481481482
0 0.09583333333333333 0.725462962962963 0.05625 0.09722222222222222
0 0.10338541666666666 0.8060185185185186 0.05677083333333333 0.09351851851851853
0 0.14583333333333334 0.7236111111111111 0.0625 0.14537037037037037
0 0.22135416666666666 0.8064814814814815 0.06875 0.14814814814814814
0 0.2552083333333333 0.7787037037037038 0.05625 0.07962962962962963
0 0.60078125 0.8412037037037038 0.057812499999999996 0.11018518518518519
0 0.6901041666666666 0.8574074074074074 0.04583333333333333 0.07777777777777778
0 0.77890625 0.8439814814814816 0.04739583333333333 0.08796296296296297
0 0.8140625 0.8236111111111112 0.06979166666666667 0.15092592592592594
0 0.8916666666666666 0.8319444444444445 0.04895833333333333 0.11018518518518519
0 0.4036458333333333 0.851388888888889 0.04791666666666666 0.06574074074074074
