0 0.8221354166666667 0.29074074074074074 0.0671875 0.15555555555555556
0 0.7640625 0.4449074074074074 0.071875 0.18425925925925926
0 0.6223958333333334 0.3939814814814815 0.07916666666666666 0.20277777777777778
0 0.57578125 0.37453703703703706 0.08385416666666666 0.18796296296296297
0 0.4166666666666667 0.3337962962962963 0.10416666666666667 0.1527777777777778
0 0.2669270833333333 0.3560185185185185 0.10781249999999999 0.13796296296296298
0 0.4401041666666667 0.4615740740740741 0.1 0.1527777777777778
0 0.5421875 0.5458333333333334 0.09895833333333333 0.21944444444444444
0 0.46171875 0.6143518518518519 0.06510416666666667 0.19907407407407407
0 0.3013020833333333 0.5148148148148148 0.10989583333333333 0.1814814814814815
0 0.20182291666666666 0.47962962962962963 0.0859375 0.20740740740740743
0 0.11458333333333333 0.4324074074074074 0.06875 0.17037037037037037
0 0.10260416666666666 0.799537037037037 0.06875 0.10648148148148148
0 0.20520833333333333 0.8449074074074074 0.10833333333333334 0.09907407407407408
0 0.35130208333333335 0.8189814814814815 0.1140625 0.1212962962962963
0 0.5309895833333333 0.8152777777777778 0.11614583333333334 0.13796296296296298
0 0.6515625 0.7731481481481481 0.10729166666666666 0.18703703703703706
0 0.8033854166666666 0.6717592592592593 0.08177083333333333 0.19351851851851853
0 0.8411458333333334 0.8106481481481482 0.0625 0.15833333333333333
0 0.8822916666666667 0.7912037037037037 0.06354166666666666 0.15462962962962964
0 0.1 0.6263888888888889 0.05520833333333333 0.15462962962962964
0 0.11822916666666666 0.7296296296296296 0.05625 0.07037037037037037
0 0.12604166666666666 0.5601851851851852 0.04791666666666666 0.1277777777777778
