0 0.44817708333333334 0.24953703703703706 0.10260416666666666 0.11018518518518519
0 0.42994791666666665 0.3027777777777778 0.10781249999999999 0.13333333333333333
0 0.33958333333333335 0.3513888888888889 0.1 0.15092592592592594
0 0.72265625 0.4050925925925926 0.0828125 0.18981481481481483
0 0.8039062499999999 0.5435185185185185 0.07552083333333333 0.23333333333333334
0 0.5817708333333333 0.5662037037037038 0.09895833333333333 0.19907407407407407
0 0.46015625 0.6138888888888889 0.0890625 0.19074074074074074
0 0.3184895833333333 0.5032407407407408 0.10677083333333333 0.16203703703703703
0 0.19973958333333333 0.4763888888888889 0.08802083333333333 0.18611111111111112
0 0.3223958333333333 0.6351851851851852 0.12291666666666666 0.14814814814814814
0 0.11979166666666667 0.4912037037037037 0.051041666666666666 0.11203703703703705
0 0.08958333333333333 0.6546296296296297 0.071875 0.10925925925925926
0 0.11067708333333333 0.5810185185185185 0.058854166666666666 0.11388888888888889
0 0.10104166666666667 0.8018518518518519 0.07083333333333333 0.11111111111111112
0 0.17786458333333333 0.8203703703703704 0.0703125 0.12037037037037038
0 0.5947916666666666 0.8023148148148148 0.07291666666666667 0.16203703703703703
0 0.7213541666666666 0.7569444444444444 0.08125 0.20092592592592592
0 0.8471354166666667 0.7337962962962963 0.08385416666666666 0.15462962962962964
0 0.85 0.8462962962962963 0.06875 0.09074074074074075
