0 0.4088541666666667 0.3050925925925926 0.084375 0.17500000000000002
0 0.8192708333333333 0.28055555555555556 0.07395833333333333 0.13333333333333333
0 0.7205729166666667 0.41203703703703703 0.07760416666666667 0.1962962962962963
0 0.8072916666666666 0.5157407407407407 0.06354166666666666 0.20185185185185187
0 0.8755208333333333 0.5814814814814815 0.07083333333333333 0.20370370370370372
0 0.753125 0.5560185185185186 0.08020833333333333 0.21203703703703705
0 0.46015625 0.5986111111111111 0.09322916666666667 0.19722222222222224
0 0.3833333333333333 0.4777777777777778 0.09166666666666666 0.19074074074074074
0 0.3307291666666667 0.5050925925925926 0.08541666666666667 0.125
0 0.19557291666666665 0.47361111111111115 0.09010416666666667 0.19166666666666668
0 0.12005208333333334 0.4981481481481482 0.0640625 0.16111111111111112
0 0.278125 0.6819444444444445 0.08020833333333333 0.20092592592592592
0 0.734375 0.8023148148148148 0.090625 0.15092592592592594
0 0.87109375 0.800462962962963 0.0953125 0.09907407407407408
0 0.30859375 0.8402777777777778 0.11510416666666666 0.09907407407407408
0 0.21119791666666665 0.6953703703703704 0.09739583333333333 0.16111111111111112
0 0.09479166666666666 0.6550925925925927 0.07395833333333333 0.10833333333333334
0 0.10078125 0.800462962962963 0.07239583333333333 0.11388888888888889
0 0.18854166666666666 0.8152777777777778 0.06875 0.11574074074074074
0 0.10520833333333333 0.5893518518518519 0.05625 0.11388888888888889
0 0.203125 0.23611111111111113 0.07083333333333333 0.06296296296296297
0 0.8208333333333333 0.8435185185185186 0.078125 0.10185185185185186
