0 0.28046875 0.300462962962963 0.07239583333333333 0.17685185185185187
0 0.5169270833333334 0.39351851851851855 0.06614583333333333 0.16481481481481483
0 0.5830729166666666 0.3027777777777778 0.08177083333333333 0.10555555555555556
0 0.8765625 0.42453703703703705 0.07083333333333333 0.18611111111111112
0 0.6924479166666666 0.6245370370370371 0.0890625 0.1953703703703704
0 0.63515625 0.2550925925925926 0.050520833333333334 0.08425925925925926
0 0.38255208333333335 0.2638888888888889 0.0640625 0.1277777777777778
0 0.4276041666666667 0.2439814814814815 0.059375 0.08240740740740742
0 0.13125 0.4712962962962963 0.071875 0.16666666666666669
0 0.13932291666666666 0.65 0.0703125 0.16481481481481483
0 0.09609375 0.7027777777777778 0.05364583333333333 0.14074074074074075
0 0.10520833333333333 0.8805555555555555 0.08958333333333333 0.10740740740740741
0 0.1109375 0.7842592592592593 0.06770833333333333 0.13148148148148148
0 0.4122395833333333 0.7953703703703704 0.07135416666666666 0.15925925925925927
0 0.5 0.7074074074074075 0.07708333333333334 0.20185185185185187
0 0.6283854166666667 0.7592592592592593 0.0609375 0.18703703703703706
0 0.7403645833333333 0.8268518518518518 0.07552083333333333 0.12962962962962962
0 0.5885416666666666 0.8384259259259259 0.053125 0.09351851851851853
0 0.47031249999999997 0.8212962962962963 0.06041666666666667 0.12407407407407407
