0 0.5723958333333333 0.4444444444444445 0.08958333333333333 0.19444444444444445
0 0.3294270833333333 0.47361111111111115 0.0953125 0.20833333333333334
0 0.26927083333333335 0.5087962962962963 0.10520833333333333 0.19722222222222224
0 0.15260416666666665 0.6736111111111112 0.08020833333333333 0.1787037037037037
0 0.1046875 0.6277777777777778 0.08020833333333333 0.17962962962962964
0 0.11276041666666667 0.7680555555555556 0.0765625 0.16574074074074074
0 0.09583333333333333 0.8898148148148148 0.09479166666666666 0.12037037037037038
0 0.17708333333333334 0.8375 0.1 0.1287037037037037
0 0.2796875 0.8689814814814815 0.103125 0.11203703703703705
0 0.31484375 0.7578703703703704 0.06197916666666667 0.14351851851851852
0 0.3697916666666667 0.7416666666666667 0.06666666666666667 0.14814814814814814
0 0.3572916666666667 0.837037037037037 0.08333333333333333 0.09444444444444444
0 0.41875 0.8486111111111111 0.0625 0.10462962962962963
0 0.45234375 0.7675925925925926 0.06822916666666666 0.1685185185185185
0 0.5059895833333333 0.8189814814814815 0.06510416666666667 0.14722222222222223
0 0.6354166666666666 0.8467592592592593 0.10520833333333333 0.11388888888888889
0 0.5065104166666666 0.6555555555555556 0.09010416666666667 0.19814814814814816
0 0.5518229166666666 0.5805555555555556 0.0953125 0.17037037037037037
