0 0.16171875 0.27685185185185185 0.07760416666666667 0.1277777777777778
0 0.23697916666666666 0.29444444444444445 0.071875 0.14814814814814814
0 0.30859375 0.24444444444444446 0.050520833333333334 0.07407407407407407
0 0.4591145833333333 0.25833333333333336 0.0609375 0.09074074074074075
0 0.6580729166666667 0.24305555555555555 0.0515625 0.05092592592592593
0 0.7135416666666666 0.3162037037037037 0.0875 0.15462962962962964
0 0.6596354166666667 0.4138888888888889 0.09010416666666667 0.17222222222222222
0 0.40859375 0.3944444444444445 0.07447916666666667 0.1851851851851852
0 0.328125 0.4532407407407408 0.07916666666666666 0.1824074074074074
0 0.20026041666666666 0.8208333333333334 0.11927083333333333 0.12314814814814816
0 0.328125 0.775462962962963 0.1 0.15092592592592594
0 0.43776041666666665 0.8467592592592593 0.0828125 0.08611111111111111
0 0.6216145833333333 0.7962962962962963 0.07760416666666667 0.17777777777777778
0 0.7106770833333333 0.7953703703703704 0.07864583333333333 0.16481481481481483
