0 0.28072916666666664 0.2949074074074074 0.0875 0.14907407407407408
0 0.5674479166666666 0.38842592592592595 0.0796875 0.18796296296296297
0 0.5947916666666666 0.26203703703703707 0.09166666666666666 0.08703703703703704
0 0.6559895833333333 0.24537037037037038 0.04739583333333333 0.07222222222222223
0 0.7143229166666667 0.3055555555555556 0.07447916666666667 0.1574074074074074
0 0.8010416666666667 0.36712962962962964 0.078125 0.16203703703703703
0 0.6497395833333334 0.5240740740740741 0.06614583333333333 0.17592592592592593
0 0.70859375 0.5611111111111111 0.0703125 0.14444444444444446
0 0.5919270833333333 0.6171296296296297 0.09635416666666667 0.12314814814814816
0 0.5401041666666666 0.7032407407407407 0.08020833333333333 0.15092592592592594
0 0.46901041666666665 0.6796296296296297 0.08802083333333333 0.15
0 0.2505208333333333 0.8523148148148149 0.10208333333333333 0.11574074074074074
0 0.3677083333333333 0.8208333333333334 0.0625 0.12314814814814816
0 0.4359375 0.8092592592592593 0.05520833333333333 0.15
0 0.47994791666666664 0.8425925925925927 0.0484375 0.10925925925925926
0 0.5934895833333333 0.8546296296296296 0.05364583333333333 0.07777777777777778
0 0.8104166666666667 0.8518518518518519 0.075 0.10925925925925926
0 0.8364583333333333 0.7356481481481482 0.059375 0.17314814814814816
0 0.8734375 0.8490740740740741 0.06354166666666666 0.07962962962962963
