0 0.41770833333333335 0.2833333333333333 0.09479166666666666 0.16111111111111112
0 0.5869791666666666 0.2662037037037037 0.11041666666666666 0.12314814814814816
0 0.73515625 0.4064814814814815 0.07760416666666667 0.1925925925925926
0 0.8002604166666667 0.5745370370370371 0.0859375 0.20277777777777778
0 0.5731770833333333 0.49583333333333335 0.08489583333333334 0.17685185185185187
0 0.4236979166666667 0.44351851851851853 0.12239583333333333 0.1462962962962963
0 0.39557291666666666 0.549537037037037 0.08489583333333334 0.17685185185185187
0 0.3208333333333333 0.5152777777777778 0.09583333333333333 0.13425925925925927
0 0.19817708333333334 0.47361111111111115 0.0859375 0.18796296296296297
0 0.45703125 0.6106481481481482 0.07135416666666666 0.1824074074074074
0 0.534375 0.6773148148148148 0.12708333333333333 0.1638888888888889
0 0.7859375 0.8208333333333334 0.10208333333333333 0.13611111111111113
0 0.35546875 0.788425925925926 0.10989583333333333 0.18796296296296297
0 0.17552083333333332 0.8194444444444445 0.08229166666666667 0.13703703703703704
0 0.10130208333333333 0.800462962962963 0.06510416666666667 0.09537037037037037
0 0.10286458333333333 0.6995370370370371 0.06614583333333333 0.11944444444444445
0 0.10052083333333334 0.6037037037037037 0.06770833333333333 0.14444444444444446
0 0.12291666666666666 0.5166666666666667 0.0625 0.11666666666666667
