0 0.75703125 0.35555555555555557 0.06197916666666667 0.17407407407407408
0 0.8088541666666667 0.4666666666666667 0.078125 0.17592592592592593
0 0.7236979166666666 0.44027777777777777 0.07239583333333333 0.17500000000000002
0 0.6614583333333334 0.41435185185185186 0.07395833333333333 0.18981481481481483
0 0.76953125 0.24953703703703706 0.10052083333333334 0.06574074074074074
0 0.22135416666666666 0.47685185185185186 0.084375 0.17777777777777778
0 0.3026041666666667 0.549537037037037 0.096875 0.18981481481481483
0 0.12578125 0.5347222222222222 0.059895833333333336 0.1638888888888889
0 0.11171874999999999 0.5847222222222223 0.04739583333333333 0.13240740740740742
0 0.09505208333333333 0.6421296296296296 0.05572916666666666 0.1398148148148148
0 0.19895833333333332 0.7305555555555556 0.08020833333333333 0.1574074074074074
0 0.11302083333333333 0.7351851851851852 0.04791666666666666 0.08518518518518518
0 0.10260416666666666 0.8120370370370371 0.058333333333333334 0.1
0 0.21901041666666665 0.8365740740740741 0.08802083333333333 0.10092592592592593
0 0.36484375 0.8398148148148148 0.09114583333333333 0.10555555555555556
0 0.459375 0.8435185185185186 0.07916666666666666 0.0962962962962963
0 0.7677083333333333 0.8365740740740741 0.09791666666666667 0.1212962962962963
0 0.7692708333333333 0.7796296296296297 0.07708333333333334 0.11296296296296297
0 0.6911458333333333 0.8476851851851852 0.04479166666666667 0.07314814814814816
0 0.8424479166666666 0.8490740740740741 0.05364583333333333 0.08518518518518518
