0 0.30416666666666664 0.4393518518518519 0.08854166666666667 0.16018518518518518
0 0.42916666666666664 0.3652777777777778 0.078125 0.17685185185185187
0 0.565625 0.2837962962962963 0.07604166666666666 0.125
0 0.7338541666666667 0.30324074074074076 0.07395833333333333 0.15092592592592594
0 0.7989583333333333 0.28425925925925927 0.057291666666666664 0.14074074074074075
0 0.6549479166666666 0.24861111111111112 0.07447916666666667 0.06944444444444445
0 0.42890625 0.701388888888889 0.08385416666666666 0.16944444444444445
0 0.19244791666666666 0.725 0.0671875 0.15185185185185185
0 0.16588541666666667 0.8319444444444445 0.0734375 0.1212962962962963
0 0.30234375 0.8407407407407408 0.10364583333333333 0.11666666666666667
0 0.40729166666666666 0.8467592592592593 0.090625 0.11388888888888889
0 0.5666666666666667 0.8143518518518519 0.08020833333333333 0.15462962962962964
0 0.6807291666666666 0.7949074074074074 0.06666666666666667 0.1712962962962963
0 0.8583333333333333 0.6791666666666667 0.078125 0.1712962962962963
0 0.875 0.8240740740740741 0.078125 0.14814814814814814
0 0.7348958333333333 0.8634259259259259 0.06979166666666667 0.06944444444444445
0 0.33567708333333335 0.24074074074074076 0.05364583333333333 0.05555555555555556
0 0.2799479166666667 0.24722222222222223 0.050520833333333334 0.07222222222222223
