0 0.5424479166666667 0.26342592592592595 0.08177083333333333 0.15462962962962964
0 0.6263020833333334 0.3351851851851852 0.0609375 0.1685185185185185
0 0.25078125 0.4810185185185185 0.08697916666666666 0.19166666666666668
0 0.38619791666666664 0.6685185185185185 0.07135416666666666 0.18333333333333335
0 0.6106770833333334 0.7115740740740741 0.0953125 0.17500000000000002
0 0.5658854166666667 0.8208333333333334 0.09739583333333333 0.09907407407407408
0 0.6578125 0.837037037037037 0.08645833333333333 0.09444444444444444
0 0.38645833333333335 0.8101851851851852 0.09166666666666666 0.10370370370370371
0 0.4575520833333333 0.8518518518518519 0.0890625 0.07407407407407407
0 0.3015625 0.8481481481481482 0.09270833333333334 0.07037037037037037
0 0.14765625 0.6712962962962963 0.07239583333333333 0.1574074074074074
0 0.09765625 0.6662037037037037 0.0609375 0.1564814814814815
0 0.10182291666666667 0.8907407407407407 0.09114583333333333 0.09814814814814815
0 0.16744791666666667 0.8921296296296297 0.09114583333333333 0.1212962962962963
0 0.09713541666666667 0.7953703703703704 0.06510416666666667 0.12222222222222223
