0 0.8911458333333333 0.3194444444444445 0.08020833333333333 0.1685185185185185
0 0.765625 0.26203703703703707 0.04895833333333333 0.07962962962962963
0 0.80703125 0.44907407407407407 0.07447916666666667 0.19444444444444445
0 0.6942708333333333 0.437962962962963 0.09270833333333334 0.1814814814814815
0 0.4864583333333333 0.33194444444444443 0.09375 0.17500000000000002
0 0.3653645833333333 0.4962962962962963 0.1140625 0.17222222222222222
0 0.22005208333333334 0.4865740740740741 0.08177083333333333 0.16574074074074074
0 0.334375 0.6509259259259259 0.10520833333333333 0.17037037037037037
0 0.21328125 0.6236111111111111 0.09114583333333333 0.18425925925925926
0 0.13359375 0.5319444444444444 0.06197916666666667 0.16574074074074074
0 0.08880208333333334 0.6606481481481482 0.06614583333333333 0.10648148148148148
0 0.11119791666666666 0.5949074074074074 0.0546875 0.14351851851851852
0 0.14296875 0.7314814814814815 0.0609375 0.1462962962962963
0 0.09661458333333334 0.7856481481481482 0.05364583333333333 0.11203703703703705
0 0.3145833333333333 0.8277777777777778 0.09895833333333333 0.10185185185185186
0 0.42291666666666666 0.837962962962963 0.08229166666666667 0.12037037037037038
0 0.22916666666666666 0.8282407407407407 0.10520833333333333 0.12314814814814816
0 0.15520833333333334 0.8689814814814815 0.09479166666666666 0.10277777777777779
0 0.6893229166666667 0.8574074074074074 0.04635416666666667 0.08888888888888889
0 0.7645833333333333 0.8490740740740741 0.1 0.11296296296296297
0 0.8421875 0.8472222222222222 0.0625 0.11296296296296297
0 0.8828125 0.7268518518518519 0.06458333333333333 0.18703703703703706
0 0.44140625 0.24953703703703706 0.050520833333333334 0.07314814814814816
