0 0.59375 0.2847222222222222 0.08645833333333333 0.14166666666666666
0 0.715625 0.29953703703703705 0.04479166666666667 0.14722222222222223
0 0.7651041666666667 0.325 0.059375 0.16111111111111112
0 0.8143229166666667 0.5 0.07239583333333333 0.17592592592592593
0 0.6927083333333334 0.4291666666666667 0.065625 0.19351851851851853
0 0.45546875 0.5175925925925926 0.0859375 0.17407407407407408
0 0.3515625 0.4185185185185185 0.090625 0.17222222222222222
0 0.19635416666666666 0.46481481481481485 0.084375 0.17777777777777778
0 0.28020833333333334 0.5625 0.07916666666666666 0.1638888888888889
0 0.30755208333333334 0.4671296296296297 0.0859375 0.1212962962962963
0 0.23385416666666667 0.6398148148148148 0.08020833333333333 0.1814814814814815
0 0.12057291666666667 0.5421296296296296 0.05677083333333333 0.15833333333333333
0 0.09348958333333333 0.6486111111111111 0.06927083333333334 0.11944444444444445
0 0.04635416666666667 0.812962962962963 0.090625 0.20925925925925926
0 0.21848958333333332 0.9078703703703704 0.1328125 0.1287037037037037
0 0.3932291666666667 0.8356481481481481 0.0875 0.10833333333333334
0 0.6408854166666667 0.8111111111111111 0.07135416666666666 0.1537037037037037
0 0.6872395833333333 0.8388888888888889 0.05364583333333333 0.11111111111111112
0 0.7307291666666667 0.8171296296296297 0.06770833333333333 0.13611111111111113
0 0.7606770833333333 0.85 0.0921875 0.08888888888888889
0 0.81640625 0.8388888888888889 0.09322916666666667 0.08888888888888889
0 0.8234374999999999 0.6898148148148149 0.09166666666666666 0.18333333333333335
0 0.8869791666666667 0.8152777777777778 0.053125 0.14722222222222223
0 0.26666666666666666 0.837037037037037 0.057291666666666664 0.09444444444444444
0 0.16822916666666665 0.826388888888889 0.08333333333333333 0.08796296296296297
0 0.10572916666666667 0.8032407407407408 0.046875 0.08055555555555556
0 0.10546875 0.7287037037037037 0.0515625 0.07777777777777778
0 0.14296875 0.7597222222222223 0.05364583333333333 0.0787037037037037
