0 0.39557291666666666 0.27222222222222225 0.07760416666666667 0.15
0 0.3268229166666667 0.24583333333333335 0.058854166666666666 0.08240740740740742
0 0.2942708333333333 0.3074074074074074 0.08958333333333333 0.15185185185185185
0 0.2265625 0.4865740740740741 0.0875 0.1953703703703704
0 0.36041666666666666 0.4537037037037037 0.06145833333333333 0.2111111111111111
0 0.41953124999999997 0.47222222222222227 0.09322916666666667 0.20185185185185187
0 0.44895833333333335 0.6092592592592593 0.10104166666666667 0.20925925925925926
0 0.6953125 0.44583333333333336 0.0875 0.20092592592592592
0 0.8057291666666666 0.4569444444444445 0.07083333333333333 0.18981481481481483
0 0.84921875 0.32546296296296295 0.07760416666666667 0.1824074074074074
0 0.8794270833333333 0.5388888888888889 0.05260416666666667 0.1685185185185185
0 0.8536458333333333 0.763888888888889 0.06875 0.18333333333333335
0 0.69765625 0.8523148148148149 0.0453125 0.0638888888888889
0 0.8338541666666667 0.8527777777777779 0.04895833333333333 0.07407407407407407
0 0.8846354166666667 0.6574074074074074 0.0515625 0.15
0 0.3263020833333333 0.6435185185185185 0.0953125 0.16666666666666669
0 0.23567708333333334 0.8291666666666667 0.12239583333333333 0.10277777777777779
0 0.171875 0.8222222222222223 0.06875 0.12037037037037038
0 0.09557291666666666 0.6773148148148148 0.07239583333333333 0.12314814814814816
0 0.13020833333333334 0.5189814814814815 0.051041666666666666 0.14351851851851852
0 0.11015625 0.5796296296296296 0.0609375 0.11666666666666667
0 0.10416666666666667 0.7972222222222223 0.06666666666666667 0.11111111111111112
0 0.15130208333333334 0.725925925925926 0.0515625 0.12222222222222223
