0 0.625 0.2939814814814815 0.10833333333333334 0.1527777777777778
0 0.7450520833333333 0.3231481481481482 0.07135416666666666 0.1685185185185185
0 0.6872395833333333 0.43333333333333335 0.0703125 0.1851851851851852
0 0.8098958333333334 0.4953703703703704 0.06979166666666667 0.16666666666666669
0 0.8658854166666666 0.513425925925926 0.06614583333333333 0.16574074074074074
0 0.6036458333333333 0.913888888888889 0.15416666666666667 0.17222222222222222
0 0.29322916666666665 0.9101851851851852 0.16041666666666665 0.17962962962962964
0 0.42421875 0.8041666666666667 0.0921875 0.16574074074074074
0 0.54296875 0.7412037037037037 0.0890625 0.16574074074074074
0 0.7440104166666667 0.8481481481481482 0.09635416666666667 0.0925925925925926
0 0.8333333333333334 0.8365740740740741 0.08958333333333333 0.11944444444444445
0 0.46067708333333335 0.5773148148148148 0.07552083333333333 0.20277777777777778
0 0.3346354166666667 0.5722222222222223 0.10781249999999999 0.1814814814814815
0 0.3138020833333333 0.48703703703703705 0.10260416666666666 0.13518518518518519
0 0.2869791666666667 0.4013888888888889 0.10416666666666667 0.11944444444444445
0 0.1921875 0.4587962962962963 0.10104166666666667 0.18425925925925926
0 0.11875 0.5236111111111111 0.05625 0.13425925925925927
0 0.10390624999999999 0.5916666666666667 0.06614583333333333 0.12962962962962962
0 0.09609375 0.6736111111111112 0.0640625 0.08981481481481482
0 0.10104166666666667 0.8027777777777778 0.057291666666666664 0.10925925925925926
0 0.14505208333333333 0.7546296296296297 0.04739583333333333 0.09444444444444444
0 0.16536458333333334 0.8222222222222223 0.08697916666666666 0.0962962962962963
0 0.6244791666666667 0.6768518518518519 0.10729166666666666 0.22592592592592595
