0 0.14270833333333333 0.25 0.058333333333333334 0.1
0 0.27421875 0.24537037037037038 0.049479166666666664 0.07407407407407407
0 0.4083333333333333 0.23194444444444445 0.08229166666666667 0.04722222222222222
0 0.6317708333333333 0.24722222222222223 0.0625 0.06666666666666667
0 0.7182291666666667 0.25925925925925924 0.07395833333333333 0.08333333333333334
0 0.8075520833333333 0.3939814814814815 0.0828125 0.18425925925925926
0 0.35833333333333334 0.40092592592592596 0.09375 0.10185185185185186
0 0.17630208333333333 0.5592592592592592 0.11197916666666667 0.17777777777777778
0 0.34609375 0.6606481481481482 0.09322916666666667 0.18055555555555555
0 0.43828125 0.45 0.09739583333333333 0.1388888888888889
0 0.5598958333333334 0.5527777777777778 0.078125 0.2
0 0.628125 0.5148148148148148 0.075 0.19074074074074074
0 0.8604166666666666 0.6990740740740741 0.07083333333333333 0.16666666666666669
0 0.12239583333333333 0.8166666666666667 0.08333333333333333 0.15
0 0.2635416666666667 0.8402777777777778 0.07083333333333333 0.09537037037037037
0 0.5177083333333333 0.8643518518518519 0.07916666666666666 0.04537037037037037
