0 0.28203125 0.24814814814814815 0.0859375 0.10555555555555556
0 0.4934895833333333 0.32407407407407407 0.0703125 0.1685185185185185
0 0.5880208333333333 0.35694444444444445 0.06666666666666667 0.14907407407407408
0 0.5440104166666666 0.26435185185185184 0.0453125 0.09722222222222222
0 0.64375 0.33240740740740743 0.0625 0.15
0 0.6143229166666666 0.2537037037037037 0.0421875 0.08333333333333334
0 0.6966145833333334 0.26157407407407407 0.0484375 0.10462962962962963
0 0.7455729166666667 0.3805555555555556 0.07447916666666667 0.16111111111111112
0 0.7083333333333334 0.48055555555555557 0.09270833333333334 0.15555555555555556
0 0.61484375 0.45462962962962966 0.1046875 0.12037037037037038
0 0.65390625 0.24120370370370373 0.044270833333333336 0.05648148148148149
0 0.20859375 0.7398148148148148 0.07552083333333333 0.1574074074074074
0 0.5028645833333333 0.7416666666666667 0.0828125 0.16666666666666669
0 0.4356770833333333 0.8342592592592593 0.11302083333333333 0.10740740740740741
0 0.31875 0.8342592592592593 0.09583333333333333 0.10185185185185186
0 0.6036458333333333 0.8356481481481481 0.1 0.11388888888888889
0 0.81875 0.850925925925926 0.08958333333333333 0.11111111111111112
0 0.8567708333333334 0.7810185185185186 0.06875 0.10277777777777779
