0 0.67734375 0.28611111111111115 0.09635416666666667 0.12962962962962962
0 0.74765625 0.23981481481481481 0.06197916666666667 0.06481481481481481
0 0.39401041666666664 0.25324074074074077 0.059895833333333336 0.09351851851851853
0 0.31536458333333334 0.3388888888888889 0.08385416666666666 0.16296296296296298
0 0.4145833333333333 0.3388888888888889 0.09166666666666666 0.12037037037037038
0 0.36276041666666664 0.425462962962963 0.0953125 0.11944444444444445
0 0.10182291666666667 0.5208333333333334 0.07552083333333333 0.2064814814814815
0 0.18697916666666667 0.6287037037037038 0.09375 0.1685185185185185
0 0.28932291666666665 0.6203703703703703 0.07760416666666667 0.20185185185185187
0 0.3575520833333333 0.7393518518518519 0.08072916666666667 0.1953703703703704
0 0.12343749999999999 0.6819444444444445 0.07083333333333333 0.11388888888888889
0 0.09192708333333333 0.7768518518518519 0.07447916666666667 0.15925925925925927
0 0.14947916666666666 0.8476851851851852 0.0875 0.11203703703703705
0 0.10416666666666667 0.888425925925926 0.09791666666666667 0.1398148148148148
0 0.8171875 0.8583333333333334 0.09270833333333334 0.07777777777777778
0 0.8135416666666666 0.6416666666666667 0.09270833333333334 0.17962962962962964
0 0.8260416666666667 0.47870370370370374 0.08854166666666667 0.19074074074074074
