0 0.7953125 0.28703703703703703 0.05416666666666667 0.15
0 0.8380208333333333 0.27037037037037037 0.052083333333333336 0.12592592592592594
0 0.8471354166666667 0.35185185185185186 0.0609375 0.17407407407407408
0 0.8776041666666666 0.725925925925926 0.06354166666666666 0.17407407407407408
0 0.8278645833333333 0.7583333333333334 0.06822916666666666 0.17592592592592593
0 0.578125 0.611574074074074 0.071875 0.17685185185185187
0 0.5354166666666667 0.7402777777777778 0.08854166666666667 0.18796296296296297
0 0.43359375 0.6226851851851852 0.09010416666666667 0.20092592592592592
0 0.359375 0.7277777777777779 0.10416666666666667 0.1851851851851852
0 0.24192708333333332 0.8333333333333334 0.10260416666666666 0.11111111111111112
0 0.09661458333333334 0.8921296296296297 0.12239583333333333 0.13055555555555556
0 0.04479166666666667 0.6791666666666667 0.08854166666666667 0.22685185185185186
0 0.10598958333333333 0.7722222222222223 0.057812499999999996 0.1685185185185185
0 0.13411458333333334 0.6685185185185185 0.08072916666666667 0.1925925925925926
0 0.20546875 0.6222222222222222 0.0921875 0.1925925925925926
0 0.20494791666666667 0.4708333333333333 0.09114583333333333 0.18055555555555555
