0 0.3502604166666667 0.26805555555555555 0.07447916666666667 0.13796296296296298
0 0.42682291666666666 0.25416666666666665 0.04739583333333333 0.08055555555555556
0 0.521875 0.2587962962962963 0.059375 0.09537037037037037
0 0.60546875 0.2587962962962963 0.0546875 0.08611111111111111
0 0.6658854166666667 0.28425925925925927 0.059895833333333336 0.12592592592592594
0 0.7145833333333333 0.32916666666666666 0.06666666666666667 0.1675925925925926
0 0.8635416666666667 0.5800925925925926 0.0625 0.1638888888888889
0 0.8796875 0.6736111111111112 0.052083333333333336 0.15462962962962964
0 0.69296875 0.8578703703703704 0.0984375 0.07685185185185185
0 0.6559895833333333 0.6620370370370371 0.0859375 0.1851851851851852
0 0.5802083333333333 0.5287037037037037 0.103125 0.14814814814814814
0 0.5229166666666667 0.6370370370370371 0.10833333333333334 0.15185185185185185
0 0.39401041666666664 0.7347222222222223 0.10052083333333334 0.1675925925925926
0 0.3536458333333333 0.8375 0.08958333333333333 0.09351851851851853
0 0.2557291666666667 0.8435185185185186 0.090625 0.08333333333333334
0 0.17682291666666666 0.8569444444444445 0.05677083333333333 0.05648148148148149
0 0.2934895833333333 0.7912037037037037 0.0359375 0.049074074074074076
