0 0.49244791666666665 0.2976851851851852 0.06510416666666667 0.1712962962962963
0 0.40130208333333334 0.33564814814814814 0.09427083333333333 0.18981481481481483
0 0.20026041666666666 0.3768518518518519 0.07447916666666667 0.1962962962962963
0 0.8265625 0.3875 0.06666666666666667 0.18425925925925926
0 0.7528645833333333 0.5337962962962963 0.10989583333333333 0.17314814814814816
0 0.6234375 0.6671296296296296 0.07083333333333333 0.16203703703703703
0 0.078125 0.611574074074074 0.07708333333333334 0.19907407407407407
0 0.13333333333333333 0.675462962962963 0.08020833333333333 0.15462962962962964
0 0.30546875 0.7430555555555556 0.07447916666666667 0.17314814814814816
0 0.46015625 0.8328703703703704 0.09322916666666667 0.10277777777777779
0 0.10677083333333333 0.7865740740740741 0.0625 0.15092592592592594
0 0.10052083333333334 0.8870370370370371 0.10104166666666667 0.12962962962962962
0 0.8588541666666667 0.5175925925925926 0.057291666666666664 0.1925925925925926
0 0.8791666666666667 0.6462962962962964 0.075 0.1537037037037037
0 0.8263020833333333 0.8458333333333333 0.08072916666666667 0.09351851851851853
