0 0.9317708333333333 0.29120370370370374 0.10729166666666666 0.1824074074074074
0 0.7239583333333334 0.3425925925925926 0.121875 0.12962962962962962
0 0.7018229166666666 0.4398148148148148 0.08489583333333334 0.16666666666666669
0 0.8104166666666667 0.5208333333333334 0.08125 0.18981481481481483
0 0.5296875 0.337037037037037 0.07916666666666666 0.16666666666666669
0 0.5153645833333333 0.2569444444444445 0.0640625 0.09722222222222222
0 0.29192708333333334 0.3787037037037037 0.10572916666666667 0.1388888888888889
0 0.30390625 0.47222222222222227 0.1140625 0.12962962962962962
0 0.4700520833333333 0.5717592592592593 0.09322916666666667 0.1712962962962963
0 0.1984375 0.46435185185185185 0.090625 0.1824074074074074
0 0.12109375 0.5069444444444444 0.06302083333333333 0.11388888888888889
0 0.10989583333333333 0.5962962962962963 0.06770833333333333 0.13703703703703704
0 0.08697916666666666 0.6592592592592593 0.06770833333333333 0.11851851851851852
0 0.09817708333333333 0.8050925925925926 0.0671875 0.09166666666666667
0 0.16770833333333332 0.8245370370370371 0.09270833333333334 0.13055555555555556
0 0.3364583333333333 0.8393518518518519 0.10729166666666666 0.09907407407407408
0 0.42916666666666664 0.8361111111111111 0.12291666666666666 0.11666666666666667
0 0.5463541666666667 0.8435185185185186 0.121875 0.11111111111111112
0 0.8268229166666666 0.7527777777777778 0.0765625 0.14444444444444446
0 0.8846354166666667 0.7791666666666667 0.0546875 0.18981481481481483
0 0.7911458333333333 0.8356481481481481 0.05520833333333333 0.1175925925925926
0 0.7041666666666666 0.8560185185185185 0.041666666666666664 0.06759259259259259
0 0.84765625 0.850462962962963 0.05677083333333333 0.08240740740740742
0 0.14583333333333334 0.6925925925925926 0.06354166666666666 0.07777777777777778
0 0.18723958333333332 0.787962962962963 0.07135416666666666 0.14814814814814814
