0 0.3489583333333333 0.5953703703703704 0.09270833333333334 0.23703703703703705
0 0.20208333333333334 0.7643518518518518 0.07291666666666667 0.1787037037037037
0 0.15989583333333332 0.8472222222222222 0.084375 0.12222222222222223
0 0.21770833333333334 0.26203703703703707 0.06979166666666667 0.1
0 0.50390625 0.3439814814814815 0.1015625 0.18425925925925926
0 0.6447916666666667 0.26203703703703707 0.08645833333333333 0.11296296296296297
0 0.7911458333333333 0.2476851851851852 0.06875 0.08796296296296297
0 0.8177083333333334 0.3768518518518519 0.071875 0.2
0 0.7609375 0.5796296296296296 0.075 0.20185185185185187
0 0.5734375 0.8060185185185186 0.08854166666666667 0.11018518518518519
0 0.5424479166666667 0.850462962962963 0.1109375 0.08611111111111111
0 0.8200520833333333 0.8356481481481481 0.06822916666666666 0.12314814814814816
0 0.36875 0.8462962962962963 0.05416666666666667 0.07037037037037037
