0 0.6690104166666666 0.4083333333333333 0.0796875 0.19074074074074074
0 0.2661458333333333 0.2490740740740741 0.06770833333333333 0.08148148148148149
0 0.8895833333333333 0.27546296296296297 0.06770833333333333 0.10833333333333334
0 0.8372395833333334 0.325 0.07135416666666666 0.1574074074074074
0 0.7979166666666666 0.45740740740740743 0.08125 0.1925925925925926
0 0.8830729166666667 0.41620370370370374 0.06510416666666667 0.17500000000000002
0 0.21692708333333333 0.4740740740740741 0.09635416666666667 0.18888888888888888
0 0.30442708333333335 0.6078703703703704 0.10885416666666667 0.19166666666666668
0 0.12838541666666667 0.5115740740740741 0.058854166666666666 0.14537037037037037
0 0.10833333333333334 0.5828703703703704 0.06458333333333333 0.1287037037037037
0 0.09713541666666667 0.6601851851851852 0.0703125 0.09814814814814815
0 0.11067708333333333 0.7138888888888889 0.05572916666666666 0.08888888888888889
0 0.09947916666666666 0.7953703703703704 0.06458333333333333 0.11296296296296297
0 0.14479166666666665 0.7523148148148149 0.05 0.11574074074074074
0 0.15546875 0.8421296296296297 0.0421875 0.08425925925925926
0 0.18723958333333332 0.8240740740740741 0.0796875 0.12037037037037038
0 0.28619791666666666 0.8268518518518518 0.08385416666666666 0.11666666666666667
0 0.3765625 0.8356481481481481 0.09583333333333333 0.10833333333333334
0 0.68359375 0.8495370370370371 0.04010416666666666 0.0787037037037037
0 0.7161458333333334 0.8226851851851852 0.051041666666666666 0.125
0 0.7666666666666666 0.8412037037037038 0.05520833333333333 0.09351851851851853
0 0.8421875 0.8412037037037038 0.06041666666666667 0.08796296296296297
