0 0.20911458333333333 0.20601851851851852 0.07447916666666667 0.16018518518518518
0 0.4674479166666667 0.23611111111111113 0.10572916666666667 0.13703703703703704
0 0.5395833333333333 0.29583333333333334 0.07291666666666667 0.14166666666666666
0 0.5807291666666666 0.38796296296296295 0.057291666666666664 0.18703703703703706
0 0.65546875 0.412962962962963 0.06197916666666667 0.17592592592592593
0 0.7755208333333333 0.4222222222222222 0.06770833333333333 0.17962962962962964
0 0.44088541666666664 0.32731481481481484 0.06614583333333333 0.1712962962962963
0 0.4822916666666667 0.45925925925925926 0.08541666666666667 0.19444444444444445
0 0.2635416666666667 0.23703703703703705 0.090625 0.0962962962962963
0 0.2877604166666667 0.3199074074074074 0.0609375 0.1564814814814815
0 0.19557291666666665 0.27685185185185185 0.06822916666666666 0.15
0 0.07786458333333333 0.37453703703703706 0.05572916666666666 0.14537037037037037
0 0.1140625 0.3212962962962963 0.040625 0.16296296296296298
0 0.3684895833333333 0.5435185185185185 0.07552083333333333 0.2111111111111111
0 0.2859375 0.600462962962963 0.07395833333333333 0.20462962962962963
0 0.22942708333333334 0.5578703703703703 0.06197916666666667 0.18981481481481483
0 0.4705729166666667 0.6523148148148148 0.06302083333333333 0.1787037037037037
0 0.5778645833333333 0.6435185185185185 0.08802083333333333 0.17592592592592593
0 0.653125 0.5643518518518519 0.071875 0.1824074074074074
0 0.7997395833333333 0.5708333333333333 0.07239583333333333 0.18981481481481483
0 0.8747395833333333 0.5675925925925926 0.057812499999999996 0.20740740740740743
0 0.9216145833333333 0.5949074074074074 0.058854166666666666 0.16944444444444445
0 0.9385416666666666 0.7027777777777778 0.06145833333333333 0.1574074074074074
0 0.9184895833333333 0.7967592592592593 0.07239583333333333 0.1564814814814815
0 0.8325520833333333 0.8425925925925927 0.10364583333333333 0.09444444444444444
0 0.86875 0.7611111111111112 0.06979166666666667 0.16111111111111112
0 0.8208333333333333 0.7712962962962964 0.05416666666666667 0.11666666666666667
0 0.7265625 0.7356481481481482 0.07395833333333333 0.16944444444444445
0 0.6453125 0.7587962962962963 0.084375 0.16018518518518518
0 0.5739583333333333 0.7800925925925927 0.090625 0.11574074074074074
0 0.5338541666666666 0.8425925925925927 0.04791666666666666 0.09074074074074075
0 0.6783854166666666 0.850925925925926 0.1015625 0.11296296296296297
0 0.21588541666666666 0.8532407407407407 0.08489583333333334 0.11574074074074074
0 0.303125 0.8490740740740741 0.04791666666666666 0.07037037037037037
0 0.14192708333333334 0.8550925925925926 0.07447916666666667 0.09722222222222222
0 0.1125 0.8115740740740741 0.08645833333333333 0.10462962962962963
0 0.06770833333333333 0.7217592592592593 0.07708333333333334 0.13240740740740742
0 0.06666666666666667 0.6342592592592593 0.06979166666666667 0.1
0 0.07213541666666666 0.5550925925925926 0.0671875 0.10462962962962963
0 0.15208333333333332 0.5064814814814815 0.065625 0.14444444444444446
0 0.11302083333333333 0.6620370370370371 0.0375 0.14814814814814814
0 0.109375 0.5148148148148148 0.052083333333333336 0.11481481481481481
