0 0.25885416666666666 0.40092592592592596 0.10625 0.1574074074074074
0 0.5213541666666667 0.3402777777777778 0.08541666666666667 0.19166666666666668
0 0.64296875 0.44351851851851853 0.09947916666666666 0.18703703703703706
0 0.7346354166666667 0.40925925925925927 0.0984375 0.15185185185185185
0 0.7872395833333333 0.2791666666666667 0.1015625 0.125
0 0.7067708333333333 0.2606481481481482 0.06145833333333333 0.09907407407407408
0 0.6229166666666667 0.25787037037037036 0.065625 0.10277777777777779
0 0.88046875 0.5305555555555556 0.059895833333333336 0.19444444444444445
0 0.8429687499999999 0.6 0.09947916666666666 0.16111111111111112
0 0.8223958333333333 0.6550925925925927 0.10416666666666667 0.13425925925925927
0 0.8075520833333333 0.7361111111111112 0.0984375 0.1462962962962963
0 0.8552083333333333 0.825462962962963 0.11145833333333333 0.12314814814814816
0 0.6143229166666666 0.8365740740740741 0.07760416666666667 0.10648148148148148
0 0.4984375 0.8337962962962964 0.08229166666666667 0.13055555555555556
0 0.1515625 0.8236111111111112 0.09583333333333333 0.1564814814814815
