0 0.19713541666666667 0.8032407407407408 0.08802083333333333 0.14722222222222223
0 0.22760416666666666 0.7064814814814815 0.08645833333333333 0.12592592592592594
0 0.26276041666666666 0.5370370370370371 0.0671875 0.16481481481481483
0 0.3520833333333333 0.5601851851851852 0.07604166666666666 0.18333333333333335
0 0.5010416666666666 0.9097222222222222 0.09583333333333333 0.10833333333333334
0 0.6484375 0.8537037037037037 0.0625 0.0925925925925926
0 0.7830729166666667 0.8319444444444445 0.06614583333333333 0.1212962962962963
0 0.8195312499999999 0.6865740740740741 0.0609375 0.1564814814814815
0 0.64921875 0.7393518518518519 0.11197916666666667 0.13055555555555556
0 0.6458333333333334 0.5504629629629629 0.08854166666666667 0.1398148148148148
0 0.7911458333333333 0.3791666666666667 0.06458333333333333 0.16574074074074074
0 0.7481770833333333 0.3175925925925926 0.07760416666666667 0.10370370370370371
0 0.64609375 0.3731481481481482 0.06614583333333333 0.14814814814814814
0 0.5861979166666667 0.3388888888888889 0.0609375 0.1537037037037037
0 0.51328125 0.3125 0.0609375 0.13611111111111113
0 0.4471354166666667 0.3472222222222222 0.09635416666666667 0.12592592592592594
0 0.45 0.4759259259259259 0.08958333333333333 0.1462962962962963
0 0.3067708333333333 0.3101851851851852 0.06041666666666667 0.15
