0 0.17161458333333332 0.6824074074074075 0.09010416666666667 0.16666666666666669
0 0.28359375 0.7546296296296297 0.07864583333333333 0.15555555555555556
0 0.19817708333333334 0.8240740740740741 0.08177083333333333 0.14814814814814814
0 0.41770833333333335 0.8736111111111111 0.10208333333333333 0.09722222222222222
0 0.6494791666666666 0.8518518518518519 0.06354166666666666 0.08518518518518518
0 0.6653645833333334 0.725 0.07135416666666666 0.18888888888888888
0 0.64765625 0.5518518518518519 0.07552083333333333 0.13703703703703704
0 0.44375 0.47824074074074074 0.09270833333333334 0.14166666666666666
0 0.26875 0.4912037037037037 0.09166666666666666 0.15833333333333333
0 0.30416666666666664 0.31527777777777777 0.07604166666666666 0.13796296296296298
0 0.4583333333333333 0.34490740740740744 0.08958333333333333 0.14351851851851852
0 0.6463541666666667 0.3805555555555556 0.07395833333333333 0.1425925925925926
0 0.7838541666666666 0.375462962962963 0.07604166666666666 0.16018518518518518
0 0.8119791666666667 0.6453703703703704 0.06770833333333333 0.1537037037037037
0 0.8796875 0.5962962962962963 0.057291666666666664 0.11851851851851852
0 0.7674479166666667 0.8458333333333333 0.10052083333333334 0.10462962962962963
0 0.78828125 0.7893518518518519 0.049479166666666664 0.075
0 0.6565104166666667 0.2777777777777778 0.057812499999999996 0.08703703703703704
0 0.715625 0.27314814814814814 0.053125 0.08888888888888889
0 0.584375 0.8638888888888889 0.04895833333333333 0.07592592592592592
