0 0.178125 0.7652777777777778 0.11041666666666666 0.12685185185185185
0 0.28463541666666664 0.7555555555555555 0.09947916666666666 0.15
0 0.20052083333333334 0.6458333333333334 0.07916666666666666 0.16018518518518518
0 0.2677083333333333 0.4935185185185185 0.08958333333333333 0.1537037037037037
0 0.3020833333333333 0.3092592592592593 0.07395833333333333 0.16296296296296298
0 0.3854166666666667 0.2976851851851852 0.06770833333333333 0.14537037037037037
0 0.4591145833333333 0.34305555555555556 0.0890625 0.14722222222222223
0 0.4479166666666667 0.4814814814814815 0.09375 0.13518518518518519
0 0.44895833333333335 0.8467592592592593 0.09166666666666666 0.09166666666666667
0 0.5638020833333334 0.8648148148148148 0.10781249999999999 0.09074074074074075
0 0.64765625 0.8458333333333333 0.059895833333333336 0.09722222222222222
0 0.7666666666666666 0.8527777777777779 0.09791666666666667 0.10370370370370371
0 0.78828125 0.788888888888889 0.050520833333333334 0.07407407407407407
0 0.8145833333333333 0.6458333333333334 0.06145833333333333 0.1527777777777778
0 0.8778645833333333 0.6013888888888889 0.059895833333333336 0.11574074074074074
0 0.6455729166666666 0.5476851851851852 0.08072916666666667 0.14351851851851852
0 0.7776041666666667 0.39305555555555555 0.06145833333333333 0.16203703703703703
0 0.8455729166666667 0.3699074074074074 0.0609375 0.15462962962962964
0 0.7770833333333333 0.2976851851851852 0.06770833333333333 0.13240740740740742
0 0.7359375 0.2837962962962963 0.05416666666666667 0.11018518518518519
0 0.6497395833333334 0.375 0.08072916666666667 0.13148148148148148
