0 0.23411458333333332 0.8046296296296297 0.07760416666666667 0.15185185185185185
0 0.30442708333333335 0.7865740740740741 0.08385416666666666 0.10648148148148148
0 0.39427083333333335 0.8611111111111112 0.11041666666666666 0.11296296296296297
0 0.6463541666666667 0.8518518518518519 0.06145833333333333 0.0962962962962963
0 0.7729166666666667 0.8652777777777778 0.09895833333333333 0.09907407407407408
0 0.7846354166666667 0.7921296296296296 0.049479166666666664 0.06574074074074074
0 0.8807291666666667 0.5930555555555556 0.059375 0.10277777777777779
0 0.8190104166666666 0.6550925925925927 0.050520833333333334 0.1638888888888889
0 0.7770833333333333 0.5819444444444445 0.06041666666666667 0.1675925925925926
0 0.7841145833333333 0.3814814814814815 0.059895833333333336 0.16296296296296298
0 0.6471354166666666 0.3791666666666667 0.06822916666666666 0.14722222222222223
0 0.64453125 0.5481481481481482 0.06614583333333333 0.12592592592592594
0 0.44895833333333335 0.47824074074074074 0.08333333333333333 0.13240740740740742
0 0.45807291666666666 0.35185185185185186 0.07447916666666667 0.1277777777777778
0 0.33229166666666665 0.425462962962963 0.09479166666666666 0.10833333333333334
0 0.2682291666666667 0.4967592592592593 0.071875 0.14537037037037037
0 0.30963541666666666 0.30462962962962964 0.07447916666666667 0.13333333333333333
