0 0.16015625 0.7523148148148149 0.09427083333333333 0.11018518518518519
0 0.2565104166666667 0.5342592592592593 0.07135416666666666 0.15555555555555556
0 0.3104166666666667 0.30648148148148147 0.07604166666666666 0.14814814814814814
0 0.384375 0.34953703703703703 0.065625 0.13611111111111113
0 0.4588541666666667 0.3375 0.084375 0.13611111111111113
0 0.44895833333333335 0.48055555555555557 0.08333333333333333 0.14814814814814814
0 0.6296875 0.8601851851851852 0.06666666666666667 0.10370370370370371
0 0.7192708333333333 0.787962962962963 0.08333333333333333 0.12592592592592594
0 0.78359375 0.8305555555555556 0.059895833333333336 0.13518518518518519
0 0.8195312499999999 0.6666666666666667 0.0609375 0.15925925925925927
0 0.871875 0.6212962962962963 0.05625 0.10925925925925926
0 0.6481770833333333 0.549537037037037 0.07864583333333333 0.13796296296296298
0 0.6421875 0.3773148148148148 0.06979166666666667 0.15092592592592594
0 0.69375 0.33981481481481485 0.059375 0.15555555555555556
0 0.7356770833333334 0.2884259259259259 0.06302083333333333 0.11203703703703705
0 0.784375 0.3787037037037037 0.058333333333333334 0.17407407407407408
0 0.8265625 0.30648148148148147 0.07291666666666667 0.1388888888888889
