0 0.16197916666666667 0.7467592592592592 0.08958333333333333 0.13611111111111113
0 0.3403645833333333 0.8120370370370371 0.06822916666666666 0.16296296296296298
0 0.48932291666666666 0.8597222222222223 0.10052083333333334 0.10277777777777779
0 0.6447916666666667 0.8527777777777779 0.06145833333333333 0.10555555555555556
0 0.7809895833333333 0.8328703703703704 0.08177083333333333 0.14166666666666666
0 0.8205729166666667 0.6662037037037037 0.0609375 0.1787037037037037
0 0.8830729166666667 0.5717592592592593 0.06822916666666666 0.11203703703703705
0 0.8598958333333333 0.4671296296296297 0.06458333333333333 0.14537037037037037
0 0.7744791666666666 0.49768518518518523 0.065625 0.10648148148148148
0 0.7223958333333333 0.5513888888888889 0.08541666666666667 0.09351851851851853
0 0.78671875 0.37083333333333335 0.06302083333333333 0.1712962962962963
0 0.6442708333333333 0.5550925925925926 0.07708333333333334 0.14907407407407408
0 0.6458333333333334 0.3699074074074074 0.08020833333333333 0.1564814814814815
0 0.6018229166666667 0.27037037037037037 0.09427083333333333 0.08518518518518518
0 0.4479166666666667 0.47500000000000003 0.090625 0.14074074074074075
0 0.32005208333333335 0.4226851851851852 0.09427083333333333 0.1287037037037037
0 0.2518229166666667 0.524537037037037 0.08177083333333333 0.1527777777777778
0 0.30572916666666666 0.30092592592592593 0.0625 0.14444444444444446
0 0.45260416666666664 0.3388888888888889 0.10208333333333333 0.12407407407407407
0 0.44557291666666665 0.26481481481481484 0.08177083333333333 0.07407407407407407
