0 0.17421875 0.6449074074074075 0.07239583333333333 0.16018518518518518
0 0.18697916666666667 0.47314814814814815 0.07604166666666666 0.13703703703703704
0 0.26276041666666666 0.5296296296296297 0.07239583333333333 0.15555555555555556
0 0.2765625 0.8574074074074074 0.05520833333333333 0.07222222222222223
0 0.39166666666666666 0.8407407407407408 0.08645833333333333 0.11296296296296297
0 0.5296875 0.8611111111111112 0.10625 0.08888888888888889
0 0.6440104166666667 0.8490740740740741 0.06614583333333333 0.10185185185185186
0 0.7846354166666667 0.8337962962962964 0.07135416666666666 0.1287037037037037
0 0.8174479166666666 0.6648148148148149 0.05677083333333333 0.1462962962962963
0 0.8677083333333333 0.687962962962963 0.051041666666666666 0.1537037037037037
0 0.6502604166666667 0.5532407407407408 0.0828125 0.1398148148148148
0 0.44479166666666664 0.4865740740740741 0.08854166666666667 0.14907407407407408
0 0.3106770833333333 0.30833333333333335 0.0671875 0.1537037037037037
0 0.4552083333333333 0.3592592592592593 0.07291666666666667 0.12222222222222223
0 0.44036458333333334 0.2935185185185185 0.0921875 0.08333333333333334
0 0.3807291666666667 0.26712962962962966 0.05625 0.0787037037037037
0 0.64140625 0.375462962962963 0.0640625 0.15092592592592594
0 0.7075520833333333 0.41064814814814815 0.06822916666666666 0.1527777777777778
0 0.8536458333333333 0.5430555555555556 0.071875 0.15833333333333333
0 0.7822916666666666 0.5194444444444445 0.057291666666666664 0.17037037037037037
0 0.78515625 0.3717592592592593 0.0546875 0.16018518518518518
0 0.7807291666666667 0.27037037037037037 0.057291666666666664 0.06666666666666667
