0 0.21458333333333332 0.7189814814814816 0.09166666666666666 0.13055555555555556
0 0.2981770833333333 0.7537037037037038 0.0828125 0.11851851851851852
0 0.21171874999999998 0.8583333333333334 0.0984375 0.09444444444444444
0 0.775 0.8578703703703704 0.09479166666666666 0.10462962962962963
0 0.64296875 0.8458333333333333 0.0703125 0.09722222222222222
0 0.8145833333333333 0.6537037037037037 0.058333333333333334 0.1462962962962963
0 0.8794270833333333 0.6013888888888889 0.059895833333333336 0.10833333333333334
0 0.6447916666666667 0.5509259259259259 0.07395833333333333 0.1425925925925926
0 0.6463541666666667 0.375 0.06979166666666667 0.14444444444444446
0 0.44557291666666665 0.47870370370370374 0.08177083333333333 0.12592592592592594
0 0.27265625 0.48935185185185187 0.06822916666666666 0.14722222222222223
0 0.3033854166666667 0.31574074074074077 0.0640625 0.15
0 0.4578125 0.34351851851851856 0.08541666666666667 0.13333333333333333
0 0.7869791666666667 0.38703703703703707 0.065625 0.16666666666666669
0 0.7223958333333333 0.32685185185185184 0.08125 0.12222222222222223
0 0.734375 0.26805555555555555 0.042708333333333334 0.04722222222222222
