0 0.26588541666666665 0.5402777777777777 0.06510416666666667 0.1564814814814815
0 0.26067708333333334 0.43842592592592594 0.05677083333333333 0.1287037037037037
0 0.3072916666666667 0.3106481481481482 0.06979166666666667 0.14722222222222223
0 0.45468749999999997 0.3472222222222222 0.084375 0.13333333333333333
0 0.44687499999999997 0.47962962962962963 0.09583333333333333 0.1388888888888889
0 0.21458333333333332 0.7986111111111112 0.07604166666666666 0.125
0 0.5403645833333334 0.8490740740740741 0.06927083333333334 0.11111111111111112
0 0.6325520833333333 0.8643518518518519 0.09739583333333333 0.11388888888888889
0 0.7744791666666666 0.8291666666666667 0.08541666666666667 0.14907407407407408
0 0.8614583333333333 0.6958333333333334 0.06458333333333333 0.15833333333333333
0 0.8934895833333333 0.5 0.05572916666666666 0.1685185185185185
0 0.7802083333333333 0.5657407407407408 0.052083333333333336 0.1574074074074074
0 0.80078125 0.6638888888888889 0.058854166666666666 0.16666666666666669
0 0.6395833333333333 0.5435185185185185 0.084375 0.1462962962962963
0 0.6424479166666667 0.3699074074074074 0.07447916666666667 0.14907407407407408
0 0.7799479166666666 0.38657407407407407 0.0640625 0.16574074074074074
0 0.75078125 0.2796296296296296 0.06302083333333333 0.08888888888888889
0 0.8760416666666666 0.5962962962962963 0.06458333333333333 0.07592592592592592
