0 0.17942708333333332 0.6143518518518519 0.07864583333333333 0.16574074074074074
0 0.259375 0.525462962962963 0.07395833333333333 0.14537037037037037
0 0.3091145833333333 0.3148148148148148 0.0609375 0.15925925925925927
0 0.45390625 0.3375 0.07864583333333333 0.13611111111111113
0 0.4473958333333333 0.48240740740740745 0.08854166666666667 0.14814814814814814
0 0.36302083333333335 0.7194444444444444 0.075 0.17222222222222222
0 0.2864583333333333 0.7018518518518518 0.07604166666666666 0.16481481481481483
0 0.196875 0.7662037037037037 0.09270833333333334 0.10648148148148148
0 0.21901041666666665 0.8615740740740742 0.08489583333333334 0.08055555555555556
0 0.63203125 0.8601851851851852 0.08385416666666666 0.09814814814814815
0 0.7796875 0.8296296296296297 0.07916666666666666 0.1425925925925926
0 0.8192708333333333 0.6587962962962963 0.058333333333333334 0.15833333333333333
0 0.87734375 0.6060185185185185 0.059895833333333336 0.1175925925925926
0 0.6494791666666666 0.55 0.08020833333333333 0.1388888888888889
0 0.6416666666666666 0.3763888888888889 0.06770833333333333 0.14537037037037037
0 0.78125 0.37592592592592594 0.05625 0.15185185185185185
0 0.73359375 0.5208333333333334 0.05677083333333333 0.14537037037037037
0 0.7638020833333333 0.6226851851851852 0.0546875 0.1712962962962963
0 0.8388020833333333 0.48703703703703705 0.09322916666666667 0.11481481481481481
0 0.29713541666666665 0.8518518518518519 0.05677083333333333 0.08888888888888889
