0 0.18489583333333334 0.7611111111111112 0.09583333333333333 0.1388888888888889
0 0.3346354166666667 0.8027777777777778 0.10364583333333333 0.10370370370370371
0 0.4661458333333333 0.8310185185185186 0.07916666666666666 0.13240740740740742
0 0.4302083333333333 0.8972222222222223 0.078125 0.09074074074074075
0 0.17942708333333332 0.5722222222222223 0.057812499999999996 0.1425925925925926
0 0.24505208333333334 0.6587962962962963 0.08489583333333334 0.14907407407407408
0 0.25859375 0.5282407407407408 0.0765625 0.1527777777777778
0 0.6408854166666667 0.8555555555555556 0.06614583333333333 0.10925925925925926
0 0.7807291666666667 0.8277777777777778 0.06979166666666667 0.14074074074074075
0 0.8223958333333333 0.6712962962962963 0.057291666666666664 0.1537037037037037
0 0.73203125 0.5615740740740741 0.0640625 0.1564814814814815
0 0.6453125 0.5481481481481482 0.07708333333333334 0.15555555555555556
0 0.6453125 0.36944444444444446 0.06875 0.1462962962962963
0 0.7828125 0.5125000000000001 0.058333333333333334 0.13611111111111113
0 0.7875 0.3805555555555556 0.057291666666666664 0.14444444444444446
0 0.7729166666666667 0.27731481481481485 0.06666666666666667 0.08611111111111111
0 0.47760416666666666 0.5638888888888889 0.10208333333333333 0.08888888888888889
0 0.4471354166666667 0.4620370370370371 0.0921875 0.13148148148148148
0 0.45260416666666664 0.3564814814814815 0.06979166666666667 0.1388888888888889
0 0.4630208333333333 0.27731481481481485 0.053125 0.08611111111111111
0 0.3067708333333333 0.30462962962962964 0.07291666666666667 0.15925925925925927
0 0.24088541666666666 0.26157407407407407 0.05677083333333333 0.08981481481481482
0 0.3809895833333333 0.8560185185185185 0.08072916666666667 0.07314814814814816
