0 0.30755208333333334 0.3148148148148148 0.07447916666666667 0.16111111111111112
0 0.26979166666666665 0.4949074074074074 0.08125 0.15833333333333333
0 0.18385416666666665 0.6467592592592593 0.090625 0.1675925925925926
0 0.26848958333333334 0.750925925925926 0.0921875 0.17777777777777778
0 0.38385416666666666 0.825925925925926 0.08645833333333333 0.14814814814814814
0 0.31197916666666664 0.8319444444444445 0.08125 0.11388888888888889
0 0.4947916666666667 0.7439814814814815 0.11562499999999999 0.1638888888888889
0 0.54609375 0.8671296296296297 0.08177083333333333 0.07685185185185185
0 0.44088541666666664 0.4814814814814815 0.10052083333333334 0.15925925925925927
0 0.4536458333333333 0.3439814814814815 0.09791666666666667 0.14722222222222223
0 0.6135416666666667 0.2777777777777778 0.07291666666666667 0.11481481481481481
0 0.6473958333333333 0.3736111111111111 0.071875 0.14722222222222223
0 0.6432291666666666 0.5555555555555556 0.096875 0.1425925925925926
0 0.8138020833333334 0.6518518518518519 0.06927083333333334 0.16296296296296298
0 0.8742187499999999 0.5976851851851852 0.059895833333333336 0.11574074074074074
0 0.7838541666666666 0.3861111111111111 0.08020833333333333 0.17222222222222222
0 0.7096354166666666 0.28194444444444444 0.059895833333333336 0.11018518518518519
0 0.64296875 0.8578703703703704 0.0765625 0.11203703703703705
0 0.76875 0.8546296296296296 0.09375 0.10740740740740741
0 0.78828125 0.7949074074074074 0.04635416666666667 0.09722222222222222
