0 0.16666666666666666 0.4356481481481482 0.10520833333333333 0.11944444444444445
0 0.17421875 0.5675925925925926 0.0859375 0.1462962962962963
0 0.2638020833333333 0.5337962962962963 0.07864583333333333 0.16203703703703703
0 0.271875 0.8324074074074075 0.08958333333333333 0.1425925925925926
0 0.44635416666666666 0.48055555555555557 0.09375 0.14444444444444446
0 0.3106770833333333 0.30833333333333335 0.07135416666666666 0.15185185185185185
0 0.25625 0.27314814814814814 0.052083333333333336 0.0962962962962963
0 0.45286458333333335 0.3560185185185185 0.0796875 0.14351851851851852
0 0.49453125 0.26805555555555555 0.0828125 0.08055555555555556
0 0.6494791666666666 0.37222222222222223 0.07708333333333334 0.1537037037037037
0 0.6463541666666667 0.55 0.06666666666666667 0.13148148148148148
0 0.72578125 0.575925925925926 0.08802083333333333 0.1277777777777778
0 0.7854166666666667 0.5 0.059375 0.14814814814814814
0 0.7901041666666666 0.3768518518518519 0.06458333333333333 0.1425925925925926
0 0.7744791666666666 0.2740740740740741 0.057291666666666664 0.07037037037037037
0 0.8252604166666666 0.6689814814814815 0.0640625 0.15833333333333333
0 0.7828125 0.8291666666666667 0.07916666666666666 0.13611111111111113
0 0.6315104166666666 0.862037037037037 0.09635416666666667 0.11481481481481481
