0 0.20703125 0.7810185185185186 0.10052083333333334 0.11203703703703705
0 0.6216145833333333 0.8652777777777778 0.10364583333333333 0.08611111111111111
0 0.7861979166666666 0.7546296296296297 0.10260416666666666 0.10185185185185186
0 0.7901041666666666 0.8444444444444444 0.0625 0.11481481481481481
0 0.8729166666666667 0.5981481481481482 0.06666666666666667 0.12037037037037038
0 0.8145833333333333 0.6578703703703704 0.058333333333333334 0.1527777777777778
0 0.778125 0.5745370370370371 0.065625 0.16018518518518518
0 0.6463541666666667 0.5513888888888889 0.07708333333333334 0.13611111111111113
0 0.44296874999999997 0.47870370370370374 0.09635416666666667 0.14814814814814814
0 0.4505208333333333 0.34490740740740744 0.084375 0.14351851851851852
0 0.6424479166666667 0.3819444444444445 0.08489583333333334 0.16018518518518518
0 0.78203125 0.3819444444444445 0.07239583333333333 0.1675925925925926
0 0.7377604166666667 0.27870370370370373 0.0640625 0.10370370370370371
0 0.30442708333333335 0.3087962962962963 0.09010416666666667 0.1564814814814815
0 0.26484375 0.4217592592592593 0.11614583333333334 0.1398148148148148
0 0.2583333333333333 0.5388888888888889 0.1 0.1537037037037037
0 0.4192708333333333 0.8560185185185185 0.06770833333333333 0.08055555555555556
