0 0.16171875 0.7652777777777778 0.0984375 0.10833333333333334
0 0.2578125 0.5324074074074074 0.07083333333333333 0.16111111111111112
0 0.3065104166666667 0.3106481481481482 0.0640625 0.1398148148148148
0 0.38203125 0.33935185185185185 0.07447916666666667 0.12314814814814816
0 0.45807291666666666 0.33611111111111114 0.08177083333333333 0.13333333333333333
0 0.4513020833333333 0.48055555555555557 0.08802083333333333 0.13518518518518519
0 0.64765625 0.5476851851851852 0.07135416666666666 0.13425925925925927
0 0.7830729166666667 0.8310185185185186 0.06822916666666666 0.125
0 0.8177083333333334 0.6625 0.06041666666666667 0.1564814814814815
0 0.87578125 0.6148148148148148 0.06302083333333333 0.10370370370370371
0 0.8583333333333333 0.38703703703703707 0.071875 0.16296296296296298
0 0.7934895833333333 0.3666666666666667 0.05260416666666667 0.15185185185185185
0 0.7575520833333333 0.44722222222222224 0.0734375 0.15185185185185185
0 0.7080729166666666 0.34351851851851856 0.07864583333333333 0.11851851851851852
0 0.6447916666666667 0.3787037037037037 0.07604166666666666 0.1388888888888889
0 0.6348958333333333 0.8490740740740741 0.078125 0.0925925925925926
