0 0.22682291666666665 0.6967592592592593 0.09635416666666667 0.125
0 0.46875 0.9148148148148149 0.09895833333333333 0.10740740740740741
0 0.6455729166666666 0.850925925925926 0.0609375 0.08518518518518518
0 0.790625 0.8314814814814815 0.07291666666666667 0.12962962962962962
0 0.7520833333333333 0.6875 0.071875 0.19351851851851853
0 0.828125 0.6796296296296297 0.06354166666666666 0.17037037037037037
0 0.7950520833333333 0.3861111111111111 0.06614583333333333 0.1537037037037037
0 0.73671875 0.2814814814814815 0.06927083333333334 0.09814814814814815
0 0.784375 0.2712962962962963 0.042708333333333334 0.053703703703703705
0 0.6471354166666666 0.3800925925925926 0.0640625 0.14166666666666666
0 0.6486979166666667 0.5537037037037037 0.07447916666666667 0.14074074074074075
0 0.35234375 0.562962962962963 0.06614583333333333 0.17222222222222222
0 0.2630208333333333 0.5328703703703704 0.07916666666666666 0.1564814814814815
0 0.4510416666666667 0.47870370370370374 0.08020833333333333 0.15185185185185185
0 0.46041666666666664 0.3453703703703704 0.08645833333333333 0.13518518518518519
0 0.4015625 0.3601851851851852 0.065625 0.1388888888888889
0 0.30182291666666666 0.3055555555555556 0.06302083333333333 0.13703703703703704
