0 0.49140625 0.8574074074074074 0.07135416666666666 0.10740740740740741
0 0.64375 0.8486111111111111 0.06458333333333333 0.08981481481481482
0 0.784375 0.8333333333333334 0.065625 0.12962962962962962
0 0.7083333333333334 0.6717592592592593 0.07083333333333333 0.18055555555555555
0 0.82578125 0.6833333333333333 0.059895833333333336 0.1425925925925926
0 0.8158854166666667 0.5615740740740741 0.0890625 0.13611111111111113
0 0.7911458333333333 0.3856481481481482 0.06770833333333333 0.15462962962962964
0 0.7109375 0.32592592592592595 0.05416666666666667 0.15925925925925927
0 0.74453125 0.2833333333333333 0.0703125 0.08888888888888889
0 0.6403645833333333 0.3768518518518519 0.06927083333333334 0.14814814814814814
0 0.6471354166666666 0.5472222222222223 0.07239583333333333 0.12407407407407407
0 0.5033854166666667 0.5837962962962964 0.0921875 0.1638888888888889
0 0.44166666666666665 0.4791666666666667 0.08645833333333333 0.1175925925925926
0 0.4591145833333333 0.3453703703703704 0.08489583333333334 0.13703703703703704
0 0.37005208333333334 0.5319444444444444 0.07447916666666667 0.17314814814814816
0 0.25703125 0.5324074074074074 0.0796875 0.14444444444444446
0 0.22864583333333333 0.7138888888888889 0.08333333333333333 0.14074074074074075
0 0.3028645833333333 0.3106481481481482 0.07135416666666666 0.16018518518518518
0 0.23489583333333333 0.2939814814814815 0.07708333333333334 0.15462962962962964
