0 0.24739583333333334 0.3902777777777778 0.065625 0.125
0 0.27369791666666665 0.5055555555555555 0.0671875 0.1425925925925926
0 0.21875 0.7824074074074074 0.09375 0.10555555555555556
0 0.24869791666666666 0.8675925925925926 0.0921875 0.07407407407407407
0 0.3046875 0.31203703703703706 0.06875 0.16111111111111112
0 0.45703125 0.34305555555555556 0.08802083333333333 0.14722222222222223
0 0.44479166666666664 0.48240740740740745 0.09166666666666666 0.13333333333333333
0 0.6390625 0.5513888888888889 0.08333333333333333 0.13240740740740742
0 0.6385416666666667 0.37592592592592594 0.07083333333333333 0.1388888888888889
0 0.6940104166666666 0.46296296296296297 0.05572916666666666 0.17777777777777778
0 0.5755208333333334 0.7953703703703704 0.07291666666666667 0.17407407407407408
0 0.62734375 0.8648148148148148 0.08385416666666666 0.11296296296296297
0 0.7755208333333333 0.8282407407407407 0.08020833333333333 0.16018518518518518
0 0.88046875 0.5976851851851852 0.05364583333333333 0.06944444444444445
0 0.8783854166666667 0.687962962962963 0.050520833333333334 0.1277777777777778
0 0.8057291666666666 0.662962962962963 0.053125 0.14074074074074075
0 0.7783854166666666 0.5694444444444444 0.0734375 0.14814814814814814
0 0.7817708333333333 0.38101851851851853 0.05625 0.15833333333333333
0 0.71875 0.2814814814814815 0.07083333333333333 0.08703703703703704
0 0.8427083333333333 0.29444444444444445 0.058333333333333334 0.1
