0 0.16458333333333333 0.5476851851851852 0.071875 0.18611111111111112
0 0.26067708333333334 0.5328703703703704 0.0890625 0.17500000000000002
0 0.4510416666666667 0.48194444444444445 0.084375 0.13796296296296298
0 0.47031249999999997 0.8694444444444445 0.09375 0.11296296296296297
0 0.6424479166666667 0.8495370370370371 0.06302083333333333 0.11203703703703705
0 0.7815104166666667 0.8287037037037037 0.07135416666666666 0.1425925925925926
0 0.8630208333333333 0.5643518518518519 0.090625 0.14722222222222223
0 0.8265625 0.6597222222222222 0.065625 0.1564814814814815
0 0.7244791666666667 0.6430555555555556 0.06875 0.1824074074074074
0 0.6356770833333333 0.637962962962963 0.08489583333333334 0.1462962962962963
0 0.64765625 0.5425925925925926 0.0609375 0.12962962962962962
0 0.6463541666666667 0.37592592592592594 0.065625 0.15185185185185185
0 0.76953125 0.5078703703703704 0.0640625 0.13240740740740742
0 0.79296875 0.37592592592592594 0.058854166666666666 0.14444444444444446
0 0.7302083333333333 0.4115740740740741 0.065625 0.14722222222222223
0 0.7416666666666667 0.2953703703703704 0.07708333333333334 0.10740740740740741
0 0.45416666666666666 0.3453703703703704 0.08541666666666667 0.15
0 0.5317708333333333 0.27685185185185185 0.06979166666666667 0.10555555555555556
0 0.3072916666666667 0.30694444444444446 0.06770833333333333 0.1527777777777778
0 0.20989583333333334 0.2800925925925926 0.05416666666666667 0.13240740740740742
0 0.2518229166666667 0.29120370370370374 0.06197916666666667 0.14907407407407408
0 0.37890625 0.25925925925925924 0.08072916666666667 0.07962962962962963
