0 0.25755208333333335 0.5287037037037037 0.08177083333333333 0.17592592592592593
0 0.20807291666666666 0.7796296296296297 0.10260416666666666 0.10740740740740741
0 0.3489583333333333 0.5287037037037037 0.08854166666666667 0.17222222222222222
0 0.30390625 0.30972222222222223 0.0734375 0.1564814814814815
0 0.45416666666666666 0.350462962962963 0.07708333333333334 0.14722222222222223
0 0.44479166666666664 0.4708333333333333 0.0875 0.14537037037037037
0 0.6424479166666667 0.3740740740740741 0.0671875 0.14814814814814814
0 0.6440104166666667 0.5546296296296297 0.0703125 0.1462962962962963
0 0.7838541666666666 0.3824074074074074 0.059375 0.17592592592592593
0 0.7708333333333334 0.5750000000000001 0.06979166666666667 0.17592592592592593
0 0.8713541666666667 0.5981481481481482 0.06354166666666666 0.10185185185185186
0 0.8161458333333333 0.6620370370370371 0.05 0.15555555555555556
0 0.7809895833333333 0.8245370370370371 0.07552083333333333 0.14537037037037037
0 0.6205729166666667 0.8606481481481482 0.10885416666666667 0.08611111111111111
0 0.76484375 0.27824074074074073 0.08697916666666666 0.08240740740740742
