0 0.1828125 0.5268518518518519 0.075 0.19074074074074074
0 0.22161458333333334 0.7041666666666667 0.0828125 0.14166666666666666
0 0.51953125 0.8962962962962964 0.0921875 0.1
0 0.6442708333333333 0.8527777777777779 0.0625 0.10185185185185186
0 0.78359375 0.8402777777777778 0.06822916666666666 0.14722222222222223
0 0.821875 0.675462962962963 0.051041666666666666 0.1564814814814815
0 0.8734375 0.8333333333333334 0.06041666666666667 0.13518518518518519
0 0.78984375 0.38842592592592595 0.06197916666666667 0.16018518518518518
0 0.7434895833333334 0.3111111111111111 0.09635416666666667 0.08148148148148149
0 0.6484375 0.26712962962962966 0.07395833333333333 0.07314814814814816
0 0.6427083333333333 0.37592592592592594 0.06666666666666667 0.1388888888888889
0 0.6541666666666667 0.549074074074074 0.078125 0.1462962962962963
0 0.4505208333333333 0.47870370370370374 0.09375 0.14074074074074075
0 0.45807291666666666 0.350462962962963 0.08072916666666667 0.14351851851851852
0 0.5377604166666666 0.30694444444444446 0.07447916666666667 0.14351851851851852
0 0.36953125 0.5458333333333334 0.07864583333333333 0.17500000000000002
0 0.2609375 0.5347222222222222 0.071875 0.1527777777777778
0 0.30963541666666666 0.3078703703703704 0.058854166666666666 0.15462962962962964
