0 0.31015625 0.31342592592592594 0.07760416666666667 0.16203703703703703
0 0.2604166666666667 0.5351851851851852 0.078125 0.16111111111111112
0 0.21276041666666667 0.7819444444444444 0.0953125 0.11388888888888889
0 0.36041666666666666 0.6407407407407407 0.08854166666666667 0.17222222222222222
0 0.44895833333333335 0.48379629629629634 0.08854166666666667 0.14907407407407408
0 0.45286458333333335 0.350462962962963 0.0765625 0.125
0 0.64453125 0.3791666666666667 0.06927083333333334 0.1398148148148148
0 0.64296875 0.5472222222222223 0.07239583333333333 0.1388888888888889
0 0.7765625 0.5925925925925926 0.059375 0.16111111111111112
0 0.8755208333333333 0.6069444444444445 0.06458333333333333 0.10092592592592593
0 0.78203125 0.8365740740740741 0.06614583333333333 0.12685185185185185
0 0.6322916666666667 0.8652777777777778 0.08958333333333333 0.07314814814814816
0 0.63203125 0.7921296296296296 0.0703125 0.06944444444444445
0 0.7846354166666667 0.37777777777777777 0.06197916666666667 0.15555555555555556
0 0.78359375 0.2791666666666667 0.09947916666666666 0.07685185185185185
