0 0.17578125 0.7703703703703704 0.07760416666666667 0.13333333333333333
0 0.2598958333333333 0.5347222222222222 0.07395833333333333 0.1638888888888889
0 0.30703125 0.3106481481481482 0.06822916666666666 0.14722222222222223
0 0.4513020833333333 0.33981481481481485 0.08072916666666667 0.14444444444444446
0 0.5286458333333334 0.31712962962962965 0.0625 0.15092592592592594
0 0.44635416666666666 0.4759259259259259 0.08645833333333333 0.13518518518518519
0 0.3619791666666667 0.7625000000000001 0.07395833333333333 0.19166666666666668
0 0.6442708333333333 0.549074074074074 0.06979166666666667 0.1388888888888889
0 0.6424479166666667 0.3791666666666667 0.057812499999999996 0.14722222222222223
0 0.7846354166666667 0.3787037037037037 0.05677083333333333 0.15185185185185185
0 0.8468749999999999 0.3226851851851852 0.057291666666666664 0.1527777777777778
0 0.8195312499999999 0.5050925925925926 0.10052083333333334 0.11944444444444445
0 0.8778645833333333 0.5995370370370371 0.0609375 0.11574074074074074
0 0.8161458333333333 0.6597222222222222 0.071875 0.1564814814814815
0 0.7783854166666666 0.8250000000000001 0.07760416666666667 0.1388888888888889
0 0.6252604166666667 0.8574074074074074 0.09947916666666666 0.10555555555555556
0 0.7067708333333333 0.850925925925926 0.05416666666666667 0.1
0 0.21640625 0.8384259259259259 0.05260416666666667 0.11574074074074074
