0 0.16848958333333333 0.763425925925926 0.10364583333333333 0.11018518518518519
0 0.25494791666666666 0.5337962962962963 0.08385416666666666 0.15462962962962964
0 0.2640625 0.34120370370370373 0.08541666666666667 0.16203703703703703
0 0.3098958333333333 0.3050925925925926 0.075 0.14907407407407408
0 0.36796875 0.2625 0.07864583333333333 0.06759259259259259
0 0.4552083333333333 0.33611111111111114 0.09583333333333333 0.12962962962962962
0 0.44609375 0.47361111111111115 0.08697916666666666 0.14351851851851852
0 0.5848958333333333 0.3300925925925926 0.058333333333333334 0.14907407407407408
0 0.6458333333333334 0.37592592592592594 0.06770833333333333 0.15925925925925927
0 0.7817708333333333 0.3814814814814815 0.06458333333333333 0.17037037037037037
0 0.8283854166666667 0.2851851851851852 0.08177083333333333 0.1
0 0.8783854166666667 0.5925925925925926 0.06614583333333333 0.10370370370370371
0 0.8156249999999999 0.6587962962962963 0.06458333333333333 0.14907407407407408
0 0.7044270833333334 0.6277777777777778 0.0828125 0.17407407407407408
0 0.64453125 0.5476851851851852 0.0671875 0.14351851851851852
0 0.5486979166666667 0.8601851851851852 0.07760416666666667 0.10370370370370371
0 0.6315104166666666 0.8648148148148148 0.08072916666666667 0.0925925925925926
0 0.7828125 0.8361111111111111 0.07395833333333333 0.14814814814814814
