0 0.15729166666666666 0.575925925925926 0.09791666666666667 0.12037037037037038
0 0.16614583333333333 0.4481481481481482 0.1 0.13518518518518519
0 0.26171875 0.5231481481481481 0.0890625 0.17962962962962964
0 0.2703125 0.8458333333333333 0.06041666666666667 0.10277777777777779
0 0.6010416666666667 0.8495370370370371 0.071875 0.13055555555555556
0 0.6484375 0.8546296296296296 0.053125 0.10185185185185186
0 0.7822916666666666 0.8351851851851853 0.07604166666666666 0.14444444444444446
0 0.8200520833333333 0.6606481481481482 0.0640625 0.16018518518518518
0 0.78671875 0.5083333333333333 0.06197916666666667 0.14074074074074075
0 0.73046875 0.4625 0.0671875 0.17314814814814816
0 0.6447916666666667 0.5467592592592593 0.07395833333333333 0.13796296296296298
0 0.6481770833333333 0.3787037037037037 0.06510416666666667 0.1537037037037037
0 0.7359375 0.3087962962962963 0.08229166666666667 0.11388888888888889
0 0.784375 0.26944444444444443 0.046875 0.061111111111111116
0 0.79140625 0.3685185185185185 0.05260416666666667 0.1388888888888889
0 0.5221354166666666 0.4314814814814815 0.06614583333333333 0.17407407407407408
0 0.44140625 0.4777777777777778 0.08072916666666667 0.1277777777777778
0 0.45234375 0.350462962962963 0.07447916666666667 0.14351851851851852
0 0.303125 0.3074074074074074 0.078125 0.1388888888888889
