0 0.24557291666666667 0.3023148148148148 0.08072916666666667 0.11388888888888889
0 0.3104166666666667 0.31574074074074077 0.06458333333333333 0.17777777777777778
0 0.2559895833333333 0.5282407407407408 0.08177083333333333 0.16574074074074074
0 0.2 0.7828703703703704 0.10833333333333334 0.10833333333333334
0 0.4466145833333333 0.487962962962963 0.0921875 0.14814814814814814
0 0.45677083333333335 0.35324074074074074 0.09166666666666666 0.14537037037037037
0 0.6489583333333333 0.37824074074074077 0.071875 0.1675925925925926
0 0.6442708333333333 0.5550925925925926 0.08333333333333333 0.14166666666666666
0 0.7778645833333333 0.5671296296296297 0.06822916666666666 0.16018518518518518
0 0.78125 0.3856481481481482 0.06041666666666667 0.1675925925925926
0 0.7388020833333333 0.27175925925925926 0.06197916666666667 0.07314814814814816
0 0.8752604166666667 0.5949074074074074 0.06614583333333333 0.10648148148148148
0 0.7815104166666667 0.8250000000000001 0.07135416666666666 0.1388888888888889
0 0.62734375 0.8666666666666667 0.10364583333333333 0.08888888888888889
