0 0.30963541666666666 0.7930555555555556 0.06927083333333334 0.1175925925925926
0 0.2638020833333333 0.8578703703703704 0.06510416666666667 0.07685185185185185
0 0.20286458333333332 0.8555555555555556 0.05260416666666667 0.08148148148148149
0 0.4127604166666667 0.8587962962962963 0.0515625 0.0787037037037037
0 0.6619791666666667 0.8717592592592593 0.09583333333333333 0.10092592592592593
0 0.8580729166666666 0.8583333333333334 0.0921875 0.11296296296296297
0 0.7815104166666667 0.8250000000000001 0.06302083333333333 0.1425925925925926
0 0.82421875 0.6601851851851852 0.0484375 0.14074074074074075
0 0.8799479166666666 0.5967592592592593 0.05677083333333333 0.11018518518518519
0 0.7791666666666667 0.5828703703703704 0.06770833333333333 0.1564814814814815
0 0.6455729166666666 0.549074074074074 0.07552083333333333 0.15
0 0.7817708333333333 0.3824074074074074 0.06770833333333333 0.16111111111111112
0 0.7182291666666667 0.27546296296296297 0.0625 0.08240740740740742
0 0.64296875 0.3787037037037037 0.07239583333333333 0.15185185185185185
0 0.44244791666666666 0.47962962962962963 0.09010416666666667 0.1388888888888889
0 0.4583333333333333 0.3439814814814815 0.08229166666666667 0.1398148148148148
0 0.30234375 0.31712962962962965 0.07447916666666667 0.14351851851851852
0 0.26953125 0.49768518518518523 0.0859375 0.14907407407407408
