0 0.16536458333333334 0.7263888888888889 0.08697916666666666 0.1787037037037037
0 0.16692708333333334 0.4652777777777778 0.0921875 0.1212962962962963
0 0.2625 0.5342592592592593 0.07604166666666666 0.14814814814814814
0 0.2721354166666667 0.4337962962962963 0.0984375 0.11388888888888889
0 0.3067708333333333 0.30092592592592593 0.07708333333333334 0.13703703703703704
0 0.4557291666666667 0.36342592592592593 0.1 0.15092592592592594
0 0.4869791666666667 0.27870370370370373 0.08333333333333333 0.0925925925925926
0 0.44427083333333334 0.47824074074074074 0.08958333333333333 0.14537037037037037
0 0.5052083333333334 0.8689814814814815 0.08333333333333333 0.11203703703703705
0 0.6463541666666667 0.8462962962962963 0.06666666666666667 0.0962962962962963
0 0.78125 0.826388888888889 0.071875 0.14351851851851852
0 0.8190104166666666 0.6666666666666667 0.058854166666666666 0.13518518518518519
0 0.88125 0.5745370370370371 0.058333333333333334 0.125
0 0.8312499999999999 0.5402777777777777 0.058333333333333334 0.1712962962962963
0 0.6408854166666667 0.5472222222222223 0.07447916666666667 0.1462962962962963
0 0.6424479166666667 0.3731481481481482 0.06927083333333334 0.1574074074074074
0 0.7859375 0.37453703703703706 0.06458333333333333 0.16018518518518518
0 0.71953125 0.5319444444444444 0.08697916666666666 0.13611111111111113
0 0.7765625 0.512962962962963 0.053125 0.12222222222222223
