0 0.1609375 0.7689814814814815 0.08020833333333333 0.11574074074074074
0 0.22083333333333333 0.8208333333333334 0.04375 0.13055555555555556
0 0.36822916666666666 0.7449074074074075 0.07083333333333333 0.18796296296296297
0 0.26067708333333334 0.5287037037037037 0.08385416666666666 0.14814814814814814
0 0.3091145833333333 0.30972222222222223 0.0640625 0.16944444444444445
0 0.44869791666666664 0.48055555555555557 0.0921875 0.14444444444444446
0 0.45208333333333334 0.34351851851851856 0.078125 0.1388888888888889
0 0.6489583333333333 0.549074074074074 0.08854166666666667 0.13518518518518519
0 0.63984375 0.38287037037037036 0.06614583333333333 0.15833333333333333
0 0.7216145833333333 0.4481481481481482 0.09114583333333333 0.12962962962962962
0 0.7830729166666667 0.37824074074074077 0.06614583333333333 0.1638888888888889
0 0.8375 0.5189814814814815 0.07916666666666666 0.14351851851851852
0 0.8760416666666666 0.5990740740740741 0.052083333333333336 0.1
0 0.8184895833333333 0.6643518518518519 0.058854166666666666 0.15462962962962964
0 0.73984375 0.6976851851851852 0.08385416666666666 0.18981481481481483
0 0.68046875 0.7819444444444444 0.09427083333333333 0.1638888888888889
0 0.6294270833333333 0.8592592592592593 0.0890625 0.0925925925925926
0 0.7807291666666667 0.8300925925925926 0.065625 0.14351851851851852
