0 0.2109375 0.7106481481481481 0.06041666666666667 0.14537037037037037
0 0.23984375 0.8236111111111112 0.049479166666666664 0.14537037037037037
0 0.30833333333333335 0.788425925925926 0.07604166666666666 0.12314814814814816
0 0.63984375 0.8472222222222222 0.05260416666666667 0.09444444444444444
0 0.7026041666666667 0.8814814814814815 0.09791666666666667 0.11666666666666667
0 0.7846354166666667 0.8245370370370371 0.0671875 0.13796296296296298
0 0.8794270833333333 0.5953703703703704 0.06614583333333333 0.11666666666666667
0 0.8153645833333333 0.6462962962962964 0.05260416666666667 0.15185185185185185
0 0.7747395833333334 0.5773148148148148 0.06302083333333333 0.1564814814814815
0 0.6442708333333333 0.5458333333333334 0.07916666666666666 0.1527777777777778
0 0.7817708333333333 0.37824074074074077 0.06770833333333333 0.1564814814814815
0 0.6473958333333333 0.3791666666666667 0.075 0.1675925925925926
0 0.7161458333333334 0.28240740740740744 0.065625 0.08148148148148149
0 0.45807291666666666 0.34444444444444444 0.08489583333333334 0.1277777777777778
0 0.4484375 0.4791666666666667 0.08229166666666667 0.13796296296296298
0 0.375 0.5888888888888889 0.07291666666666667 0.20740740740740743
0 0.26875 0.500925925925926 0.08854166666666667 0.1574074074074074
0 0.30572916666666666 0.3143518518518519 0.07708333333333334 0.1527777777777778
