0 0.16588541666666667 0.7564814814814815 0.09322916666666667 0.11111111111111112
0 0.33932291666666664 0.712037037037037 0.0796875 0.17592592592592593
0 0.26171875 0.5328703703703704 0.07447916666666667 0.1675925925925926
0 0.3697916666666667 0.39166666666666666 0.08125 0.1425925925925926
0 0.3065104166666667 0.3078703703703704 0.06822916666666666 0.14537037037037037
0 0.45390625 0.32916666666666666 0.08697916666666666 0.13796296296296298
0 0.44817708333333334 0.48055555555555557 0.09010416666666667 0.13703703703703704
0 0.5291666666666667 0.8625 0.109375 0.09537037037037037
0 0.6471354166666666 0.8560185185185185 0.0640625 0.09722222222222222
0 0.7830729166666667 0.8337962962962964 0.07447916666666667 0.14351851851851852
0 0.8161458333333333 0.6638888888888889 0.06770833333333333 0.16481481481481483
0 0.8794270833333333 0.5694444444444444 0.06197916666666667 0.14444444444444446
0 0.86171875 0.46481481481481485 0.0546875 0.11666666666666667
0 0.64375 0.5449074074074074 0.06458333333333333 0.1287037037037037
0 0.6989583333333333 0.5694444444444444 0.065625 0.13703703703703704
0 0.6411458333333333 0.375462962962963 0.05520833333333333 0.14351851851851852
0 0.7111979166666667 0.31203703703703706 0.0796875 0.13148148148148148
0 0.6989583333333333 0.4851851851851852 0.078125 0.10925925925925926
0 0.7895833333333333 0.3763888888888889 0.06458333333333333 0.14907407407407408
0 0.7684895833333333 0.513888888888889 0.07135416666666666 0.12592592592592594
