0 0.165625 0.549074074074074 0.06875 0.1814814814814815
0 0.26015625 0.5324074074074074 0.07447916666666667 0.16666666666666669
0 0.4453125 0.8787037037037038 0.096875 0.0925925925925926
0 0.3690104166666667 0.8615740740740742 0.0734375 0.06944444444444445
0 0.6421875 0.8537037037037037 0.06979166666666667 0.0962962962962963
0 0.7848958333333333 0.8305555555555556 0.06979166666666667 0.12407407407407407
0 0.8192708333333333 0.6657407407407407 0.052083333333333336 0.15555555555555556
0 0.8505208333333333 0.6194444444444445 0.06666666666666667 0.16296296296296298
0 0.8721354166666666 0.4625 0.05572916666666666 0.1712962962962963
0 0.8317708333333333 0.32916666666666666 0.07708333333333334 0.1398148148148148
0 0.7807291666666667 0.3717592592592593 0.05520833333333333 0.16574074074074074
0 0.690625 0.40740740740740744 0.05520833333333333 0.18333333333333335
0 0.6408854166666667 0.3736111111111111 0.06197916666666667 0.14907407407407408
0 0.6458333333333334 0.5476851851851852 0.07604166666666666 0.13425925925925927
0 0.7341145833333333 0.5092592592592593 0.0640625 0.16296296296296298
0 0.7755208333333333 0.5194444444444445 0.06041666666666667 0.12962962962962962
0 0.4440104166666667 0.4791666666666667 0.0890625 0.13055555555555556
0 0.4536458333333333 0.34953703703703703 0.07604166666666666 0.14537037037037037
0 0.6174479166666667 0.29444444444444445 0.10364583333333333 0.11111111111111112
0 0.30703125 0.30462962962962964 0.06510416666666667 0.15185185185185185
0 0.21588541666666666 0.27592592592592596 0.0703125 0.11111111111111112
0 0.36015625 0.2662037037037037 0.06197916666666667 0.0787037037037037
