0 0.16432291666666665 0.5449074074074074 0.07239583333333333 0.18425925925925926
0 0.26145833333333335 0.5324074074074074 0.09375 0.1685185185185185
0 0.19322916666666667 0.2990740740740741 0.05416666666666667 0.15
0 0.2518229166666667 0.29120370370370374 0.06302083333333333 0.14166666666666666
0 0.30807291666666664 0.30462962962962964 0.0703125 0.17407407407407408
0 0.45338541666666665 0.3541666666666667 0.0921875 0.15462962962962964
0 0.44505208333333335 0.48379629629629634 0.08697916666666666 0.15462962962962964
0 0.49453125 0.27222222222222225 0.09635416666666667 0.08888888888888889
0 0.64609375 0.3685185185185185 0.07760416666666667 0.15185185185185185
0 0.7283854166666667 0.40324074074074073 0.07447916666666667 0.14722222222222223
0 0.7927083333333333 0.3736111111111111 0.06145833333333333 0.14722222222222223
0 0.7716145833333333 0.5148148148148148 0.07552083333333333 0.1388888888888889
0 0.8739583333333333 0.5986111111111111 0.06354166666666666 0.14166666666666666
0 0.8156249999999999 0.663425925925926 0.06770833333333333 0.15462962962962964
0 0.7799479166666666 0.825925925925926 0.06822916666666666 0.12592592592592594
0 0.6817708333333333 0.6944444444444444 0.09895833333333333 0.16111111111111112
0 0.6494791666666666 0.5518518518518519 0.06770833333333333 0.14074074074074075
0 0.5971354166666667 0.7925925925925926 0.06510416666666667 0.1685185185185185
0 0.6403645833333333 0.8453703703703704 0.05364583333333333 0.09074074074074075
0 0.4947916666666667 0.8865740740740741 0.09895833333333333 0.09722222222222222
0 0.4830729166666667 0.8050925925925926 0.05260416666666667 0.0787037037037037
