0 0.18307291666666667 0.6620370370370371 0.0921875 0.09814814814814815
0 0.184375 0.5537037037037037 0.084375 0.1388888888888889
0 0.265625 0.5273148148148148 0.075 0.16018518518518518
0 0.21328125 0.4175925925925926 0.0703125 0.17407407407407408
0 0.3067708333333333 0.3087962962962963 0.06354166666666666 0.16018518518518518
0 0.37994791666666666 0.4152777777777778 0.06510416666666667 0.18055555555555555
0 0.4471354166666667 0.47731481481481486 0.08072916666666667 0.14351851851851852
0 0.45859374999999997 0.34351851851851856 0.0796875 0.14074074074074075
0 0.4770833333333333 0.8662037037037037 0.096875 0.08981481481481482
0 0.2661458333333333 0.8527777777777779 0.06979166666666667 0.08333333333333334
0 0.6455729166666666 0.85 0.059895833333333336 0.10370370370370371
0 0.7830729166666667 0.8268518518518518 0.0703125 0.13518518518518519
0 0.7984375 0.750462962962963 0.06979166666666667 0.1212962962962963
0 0.8658854166666666 0.7421296296296297 0.05572916666666666 0.18055555555555555
0 0.8195312499999999 0.6583333333333333 0.04739583333333333 0.14444444444444446
0 0.78203125 0.6041666666666667 0.05572916666666666 0.16018518518518518
0 0.6486979166666667 0.5546296296296297 0.0734375 0.1388888888888889
0 0.6421875 0.37592592592592594 0.065625 0.1537037037037037
0 0.78671875 0.37592592592592594 0.06927083333333334 0.16111111111111112
0 0.7205729166666667 0.29120370370370374 0.08697916666666666 0.10092592592592593
