0 0.17265625 0.7708333333333334 0.10052083333333334 0.11574074074074074
0 0.2596354166666667 0.5310185185185186 0.0734375 0.1564814814814815
0 0.30807291666666664 0.3074074074074074 0.06927083333333334 0.15925925925925927
0 0.45286458333333335 0.34074074074074073 0.08489583333333334 0.1425925925925926
0 0.5049479166666666 0.27361111111111114 0.07552083333333333 0.09166666666666667
0 0.44817708333333334 0.47870370370370374 0.0953125 0.14074074074074075
0 0.3346354166666667 0.7842592592592593 0.08072916666666667 0.16666666666666669
0 0.6361979166666667 0.8615740740740742 0.09114583333333333 0.09166666666666667
0 0.7807291666666667 0.8324074074074075 0.06979166666666667 0.1388888888888889
0 0.8138020833333334 0.6597222222222222 0.0640625 0.1564814814814815
0 0.8752604166666667 0.6041666666666667 0.057812499999999996 0.09907407407407408
0 0.84140625 0.3763888888888889 0.08489583333333334 0.14537037037037037
0 0.7799479166666666 0.37083333333333335 0.06197916666666667 0.1712962962962963
0 0.6421875 0.5458333333333334 0.08541666666666667 0.14722222222222223
0 0.6453125 0.3763888888888889 0.07083333333333333 0.1564814814814815
0 0.8276041666666667 0.26851851851851855 0.084375 0.07407407407407407
