0 0.18151041666666667 0.8611111111111112 0.0828125 0.06481481481481481
0 0.19505208333333332 0.7569444444444444 0.09635416666666667 0.11203703703703705
0 0.25625 0.7203703703703704 0.08854166666666667 0.16666666666666669
0 0.259375 0.5361111111111111 0.078125 0.17407407407407408
0 0.35651041666666666 0.6550925925925927 0.0796875 0.17314814814814816
0 0.30885416666666665 0.3074074074074074 0.06875 0.15925925925925927
0 0.44687499999999997 0.4791666666666667 0.09166666666666666 0.14722222222222223
0 0.45729166666666665 0.34953703703703703 0.0875 0.13611111111111113
0 0.6427083333333333 0.3791666666666667 0.07395833333333333 0.16018518518518518
0 0.5958333333333333 0.5712962962962963 0.07604166666666666 0.16111111111111112
0 0.6479166666666667 0.538425925925926 0.06041666666666667 0.13240740740740742
0 0.66640625 0.6597222222222222 0.08489583333333334 0.1175925925925926
0 0.6294270833333333 0.8587962962962963 0.09114583333333333 0.08611111111111111
0 0.7807291666666667 0.8287037037037037 0.06979166666666667 0.1388888888888889
0 0.8471354166666667 0.7685185185185186 0.1015625 0.10740740740740741
0 0.8747395833333333 0.6064814814814815 0.058854166666666666 0.10370370370370371
0 0.8184895833333333 0.650462962962963 0.0546875 0.1564814814814815
0 0.76796875 0.5986111111111111 0.06197916666666667 0.1787037037037037
0 0.7216145833333333 0.47685185185185186 0.07239583333333333 0.17037037037037037
0 0.7846354166666667 0.3787037037037037 0.0609375 0.17592592592592593
0 0.79609375 0.2689814814814815 0.08385416666666666 0.06944444444444445
