0 0.17057291666666666 0.7657407407407407 0.09739583333333333 0.10740740740740741
0 0.3776041666666667 0.788888888888889 0.09791666666666667 0.13148148148148148
0 0.25546875 0.525 0.0734375 0.15185185185185185
0 0.3052083333333333 0.30694444444444446 0.06041666666666667 0.14907407407407408
0 0.3809895833333333 0.2606481481481482 0.08802083333333333 0.0787037037037037
0 0.4557291666666667 0.33564814814814814 0.08645833333333333 0.13240740740740742
0 0.4453125 0.47824074074074074 0.09270833333333334 0.13796296296296298
0 0.6455729166666666 0.5509259259259259 0.07552083333333333 0.13518518518518519
0 0.6309895833333333 0.8615740740740742 0.10052083333333334 0.10648148148148148
0 0.7786458333333334 0.8324074074074075 0.06875 0.13518518518518519
0 0.85625 0.775462962962963 0.08229166666666667 0.1564814814814815
0 0.8184895833333333 0.6620370370370371 0.0703125 0.1574074074074074
0 0.8763020833333334 0.6041666666666667 0.06197916666666667 0.11388888888888889
0 0.7838541666666666 0.3805555555555556 0.059375 0.17037037037037037
0 0.7065104166666667 0.3092592592592593 0.0953125 0.12222222222222223
0 0.6403645833333333 0.3773148148148148 0.06614583333333333 0.15092592592592594
