0 0.20338541666666665 0.7680555555555556 0.09635416666666667 0.09537037037037037
0 0.17630208333333333 0.6402777777777778 0.0796875 0.1712962962962963
0 0.2596354166666667 0.5324074074074074 0.07447916666666667 0.15925925925925927
0 0.31276041666666665 0.3078703703703704 0.07135416666666666 0.15833333333333333
0 0.4380208333333333 0.3416666666666667 0.078125 0.12592592592592594
0 0.44557291666666665 0.475462962962963 0.08385416666666666 0.1527777777777778
0 0.35390625 0.6898148148148149 0.07552083333333333 0.2
0 0.6401041666666667 0.7453703703703703 0.09895833333333333 0.12592592592592594
0 0.6330729166666667 0.8541666666666667 0.07135416666666666 0.09351851851851853
0 0.7815104166666667 0.8314814814814815 0.06510416666666667 0.14444444444444446
0 0.8166666666666667 0.6574074074074074 0.06145833333333333 0.15925925925925927
0 0.8794270833333333 0.6032407407407407 0.06197916666666667 0.11944444444444445
0 0.7614583333333333 0.6125 0.06770833333333333 0.1712962962962963
0 0.7825520833333334 0.3791666666666667 0.0703125 0.16574074074074074
0 0.6515625 0.549537037037037 0.0875 0.14722222222222223
0 0.6450520833333333 0.3763888888888889 0.07239583333333333 0.1527777777777778
0 0.5640625 0.4305555555555556 0.06979166666666667 0.18703703703703706
0 0.49973958333333335 0.41250000000000003 0.09010416666666667 0.09722222222222222
0 0.19166666666666665 0.8587962962962963 0.08125 0.075
0 0.715625 0.8421296296296297 0.07916666666666666 0.11944444444444445
