0 0.15364583333333334 0.5740740740740741 0.090625 0.1388888888888889
0 0.2596354166666667 0.5324074074074074 0.06927083333333334 0.16111111111111112
0 0.20364583333333333 0.3773148148148148 0.06979166666666667 0.15833333333333333
0 0.25546875 0.27037037037037037 0.04635416666666667 0.08333333333333334
0 0.30390625 0.3074074074074074 0.0609375 0.16111111111111112
0 0.2513020833333333 0.8069444444444445 0.09635416666666667 0.14537037037037037
0 0.5557291666666666 0.8851851851851852 0.09791666666666667 0.10925925925925926
0 0.44505208333333335 0.47824074074074074 0.09114583333333333 0.13796296296296298
0 0.45390625 0.35370370370370374 0.0828125 0.13703703703703704
0 0.45703125 0.2657407407407408 0.08072916666666667 0.06851851851851852
0 0.6481770833333333 0.37777777777777777 0.06927083333333334 0.15555555555555556
0 0.7861979166666666 0.3768518518518519 0.0546875 0.13518518518518519
0 0.76875 0.27731481481481485 0.046875 0.06944444444444445
0 0.6442708333333333 0.5537037037037037 0.06979166666666667 0.12962962962962962
0 0.7184895833333333 0.5291666666666667 0.0859375 0.1175925925925926
0 0.7833333333333333 0.512962962962963 0.06770833333333333 0.13518518518518519
0 0.8192708333333333 0.6699074074074074 0.06875 0.1564814814814815
0 0.7815104166666667 0.8305555555555556 0.07135416666666666 0.13518518518518519
0 0.7026041666666667 0.8324074074074075 0.07291666666666667 0.13148148148148148
0 0.6432291666666666 0.8523148148148149 0.06354166666666666 0.10462962962962963
