0 0.17265625 0.5430555555555556 0.07239583333333333 0.1527777777777778
0 0.15052083333333333 0.41064814814814815 0.07291666666666667 0.1675925925925926
0 0.26276041666666666 0.5300925925925926 0.07239583333333333 0.1638888888888889
0 0.26927083333333335 0.837962962962963 0.06041666666666667 0.12407407407407407
0 0.3953125 0.8731481481481482 0.08229166666666667 0.08888888888888889
0 0.4536458333333333 0.6949074074074074 0.10208333333333333 0.15462962962962964
0 0.5184895833333333 0.5504629629629629 0.0734375 0.1824074074074074
0 0.4427083333333333 0.475462962962963 0.07604166666666666 0.1398148148148148
0 0.45 0.35185185185185186 0.08333333333333333 0.14074074074074075
0 0.30859375 0.31203703703703706 0.06822916666666666 0.15
0 0.23359375 0.2884259259259259 0.06510416666666667 0.1287037037037037
0 0.6471354166666666 0.37453703703703706 0.07239583333333333 0.1564814814814815
0 0.6447916666666667 0.5481481481481482 0.07604166666666666 0.13333333333333333
0 0.725 0.5699074074074074 0.08229166666666667 0.1287037037037037
0 0.8236979166666667 0.6652777777777779 0.0671875 0.14907407407407408
0 0.7796875 0.825462962962963 0.071875 0.14166666666666666
0 0.6401041666666667 0.8476851851851852 0.06666666666666667 0.10833333333333334
0 0.775 0.49953703703703706 0.04583333333333333 0.1398148148148148
0 0.7825520833333334 0.3648148148148148 0.06302083333333333 0.1388888888888889
0 0.85390625 0.287962962962963 0.0640625 0.10555555555555556
