0 0.20520833333333333 0.7893518518518519 0.10416666666666667 0.1212962962962963
0 0.36041666666666666 0.6564814814814816 0.1 0.16111111111111112
0 0.2546875 0.5324074074074074 0.075 0.15925925925925927
0 0.4583333333333333 0.6518518518518519 0.11041666666666666 0.1574074074074074
0 0.4236979166666667 0.8490740740740741 0.06197916666666667 0.10185185185185186
0 0.6263020833333334 0.862037037037037 0.1015625 0.0925925925925926
0 0.7744791666666666 0.825462962962963 0.07708333333333334 0.14351851851851852
0 0.8091145833333333 0.6662037037037037 0.050520833333333334 0.14166666666666666
0 0.8742187499999999 0.5962962962962963 0.06197916666666667 0.11111111111111112
0 0.7731770833333333 0.5587962962962963 0.0796875 0.15462962962962964
0 0.6447916666666667 0.5523148148148148 0.084375 0.14351851851851852
0 0.6403645833333333 0.375462962962963 0.07447916666666667 0.15833333333333333
0 0.78203125 0.3791666666666667 0.06197916666666667 0.15462962962962964
0 0.8778645833333333 0.32083333333333336 0.06510416666666667 0.1787037037037037
0 0.8177083333333334 0.3092592592592593 0.06875 0.15
0 0.7401041666666667 0.27222222222222225 0.058333333333333334 0.07407407407407407
0 0.48802083333333335 0.32222222222222224 0.078125 0.14444444444444446
0 0.45546875 0.35370370370370374 0.08802083333333333 0.14444444444444446
0 0.44895833333333335 0.47962962962962963 0.10104166666666667 0.1462962962962963
0 0.3026041666666667 0.3101851851851852 0.0875 0.15555555555555556
