0 0.2825520833333333 0.7925925925925926 0.09947916666666666 0.0925925925925926
0 0.6216145833333333 0.8625 0.0953125 0.09166666666666667
0 0.7713541666666667 0.8166666666666667 0.04791666666666666 0.14074074074074075
0 0.8153645833333333 0.8236111111111112 0.043229166666666666 0.16018518518518518
0 0.8697916666666666 0.8421296296296297 0.053125 0.125
0 0.8765625 0.5981481481481482 0.0625 0.11481481481481481
0 0.8216145833333334 0.6657407407407407 0.05677083333333333 0.16296296296296298
0 0.7783854166666666 0.5787037037037037 0.06510416666666667 0.15185185185185185
0 0.78359375 0.38472222222222224 0.05677083333333333 0.1638888888888889
0 0.6471354166666666 0.3740740740740741 0.0671875 0.1574074074074074
0 0.65078125 0.5592592592592592 0.07447916666666667 0.1425925925925926
0 0.44609375 0.4759259259259259 0.08177083333333333 0.13518518518518519
0 0.2713541666666667 0.4949074074074074 0.07604166666666666 0.16203703703703703
0 0.30442708333333335 0.3263888888888889 0.057812499999999996 0.16018518518518518
0 0.4536458333333333 0.3476851851851852 0.08229166666666667 0.1287037037037037
0 0.7153645833333333 0.2791666666666667 0.0609375 0.08240740740740742
