0 0.46015625 0.5796296296296296 0.09114583333333333 0.1851851851851852
0 0.5763020833333333 0.8236111111111112 0.1015625 0.125
0 0.6596354166666667 0.8277777777777778 0.06510416666666667 0.14444444444444446
0 0.78046875 0.8384259259259259 0.0734375 0.11203703703703705
0 0.6947916666666667 0.46435185185185185 0.11354166666666667 0.16944444444444445
0 0.8169270833333333 0.41574074074074074 0.08177083333333333 0.1925925925925926
0 0.7796875 0.2916666666666667 0.07083333333333333 0.12962962962962962
0 0.7182291666666667 0.27731481481481485 0.06145833333333333 0.10648148148148148
0 0.6604166666666667 0.26990740740740743 0.07083333333333333 0.1212962962962963
0 0.2609375 0.8444444444444444 0.075 0.0925925925925926
