0 0.30807291666666664 0.312962962962963 0.06614583333333333 0.15
0 0.26953125 0.500462962962963 0.0828125 0.16203703703703703
0 0.44687499999999997 0.6796296296296297 0.11145833333333333 0.16481481481481483
0 0.30182291666666666 0.7583333333333334 0.08489583333333334 0.12222222222222223
0 0.2171875 0.7393518518518519 0.09166666666666666 0.1212962962962963
0 0.19583333333333333 0.8643518518518519 0.07916666666666666 0.09907407407407408
0 0.6416666666666666 0.8490740740740741 0.06770833333333333 0.09814814814814815
0 0.76796875 0.851388888888889 0.09427083333333333 0.09351851851851853
0 0.7854166666666667 0.7925925925925926 0.04479166666666667 0.07592592592592592
0 0.8822916666666667 0.5939814814814816 0.065625 0.10462962962962963
0 0.8156249999999999 0.649537037037037 0.06145833333333333 0.14722222222222223
0 0.76640625 0.5324074074074074 0.08177083333333333 0.14444444444444446
0 0.7903645833333334 0.3856481481481482 0.06302083333333333 0.15462962962962964
0 0.6453125 0.5476851851851852 0.06979166666666667 0.13055555555555556
0 0.6505208333333333 0.3805555555555556 0.075 0.14074074074074075
0 0.734375 0.275 0.065625 0.06851851851851852
0 0.4458333333333333 0.4814814814814815 0.08645833333333333 0.13148148148148148
0 0.45625 0.3523148148148148 0.08958333333333333 0.14351851851851852
