0 0.47239583333333335 0.32592592592592595 0.078125 0.18333333333333335
0 0.45286458333333335 0.5393518518518519 0.0953125 0.20092592592592592
0 0.6533854166666666 0.3138888888888889 0.08697916666666666 0.17037037037037037
0 0.7411458333333333 0.3625 0.078125 0.1712962962962963
0 0.8294270833333334 0.5171296296296296 0.10052083333333334 0.1675925925925926
0 0.6877604166666667 0.6375000000000001 0.11822916666666666 0.14351851851851852
0 0.60859375 0.8314814814814815 0.0984375 0.13703703703703704
0 0.67734375 0.7972222222222223 0.08072916666666667 0.17592592592592593
0 0.771875 0.7476851851851852 0.09270833333333334 0.15833333333333333
0 0.7747395833333334 0.8444444444444444 0.08697916666666666 0.11296296296296297
